108 225 132 168 147 158 131 187 172 "F"
82 174 214 204 155 189 139 219 171 "o"
241 73 144 240 154 226 139 255 171 "o"
135 60 219 271 151 261 129 282 171 "t"
153 62 12 302 157 290 140 319 181 "p"
13 94 36 337 155 324 139 351 170 "a"
183 6 28 366 150 357 128 377 170 "t"
179 222 71 395 149 385 129 411 170 "h"

200 77 18 457 142 443 128 473 169 "T"
139 187 67 486 153 472 138 501 169 "o"

31 37 56 80 221 64 201 101 243 "C"
203 212 93 120 227 107 212 135 243 "o"
245 150 252 144 222 139 202 149 242 "l"
19 59 69 165 226 153 212 180 242 "c"
10 137 13 196 223 185 202 212 242 "h"
174 219 28 232 225 219 211 246 241 "e"
154 32 50 265 225 252 210 278 241 "s"
64 238 80 293 221 284 200 304 240 "t"
253 54 120 324 224 311 210 338 240 "e"
50 73 18 351 222 346 211 363 239 "r"

125 158 246 407 224 394 209 421 239 "a"
173 220 73 439 223 427 210 453 239 "n"
242 20 79 474 221 459 199 487 238 "d"

102 64 68 90 293 72 273 108 312 "G"
196 107 208 119 296 113 284 130 312 "r"
50 183 48 148 297 135 283 162 312 "e"
34 161 59 180 296 168 283 195 311 "e"
145 34 246 213 296 201 283 227 311 "n"
139 225 157 246 296 234 282 259 311 "s"
176 218 31 274 291 265 272 285 310 "t"
2 153 202 303 295 291 281 317 310 "e"
157 114 185 336 295 323 280 350 309 "a"
128 44 73 370 293 355 271 382 309 "d"
