10 158 116 605 296 602 292 610 302 "R"

212 213 244 30 472 27 467 37 479 "F"
162 212 159 47 473 40 467 54 479 "O"
53 126 89 61 473 56 467 67 479 "S"
32 50 207 75 471 69 467 82 479 "T"
43 144 211 89 472 84 467 96 479 "E"
143 211 72 104 472 98 467 111 479 "R"
229 42 29 114 469 113 467 116 472 "'"
217 230 117 122 473 117 467 128 479 "S"

41 247 192 284 472 279 468 291 479 "F"
135 129 120 299 473 292 469 306 479 "O"
93 14 68 314 474 308 469 320 479 "S"
212 0 80 327 472 322 469 334 479 "T"
188 141 97 341 473 336 469 348 479 "E"
21 5 123 356 473 350 469 363 479 "R"
24 31 130 366 470 365 469 368 473 "'"
216 146 112 374 473 369 468 380 479 "S"

206 84 100 528 470 524 465 534 478 "F"
60 133 177 543 470 537 464 550 477 "O"
246 21 105 557 470 552 463 562 477 "S"
2 106 70 570 469 565 464 576 477 "T"
12 115 150 584 469 578 463 590 476 "E"
45 22 217 598 469 592 463 606 476 "R"
212 104 103 607 464 607 462 609 467 "'"
74 74 247 615 468 610 461 621 476 "S"

#140 193 40 409 473 398 467 420 479 " "

#149 154 29 495 471 485 464 506 479 " "

#108 225 132 606 436 602 425 611 447 " "

#82 174 214 636 436 633 422 639 450 " "

#241 73 144 336 434 329 420 344 449 " "

#233 187 241 376 434 369 420 383 449 " "

#166 179 235 583 407 574 401 593 414 " "

#135 60 219 461 407 453 401 470 413 " "

#153 62 12 630 404 621 401 639 407 " "

#13 94 36 250 472 239 466 261 479 " "

#183 6 28 156 472 146 466 167 479 " "

179 222 71 343 188 272 120 415 256 "O"

200 77 18 339 184 321 157 363 215 "F"

154 157 30 110 322 82 287 146 366 "F"
114 114 22 188 326 152 285 226 368 "O"
240 29 230 260 326 231 284 289 368 "S"
139 187 67 326 319 294 287 358 365 "T"
215 2 119 393 326 361 287 425 366 "E"
203 212 93 465 326 430 287 504 365 "R"
199 203 83 508 301 501 288 517 318 "'"
245 150 252 548 327 521 286 577 368 "S"

#173 220 73 20 433 8 419 32 447 " "

#242 20 79 61 434 49 420 73 448 " "

#102 64 68 101 434 89 420 113 449 " "

#196 107 208 138 435 125 420 152 450 " "

#50 183 48 181 434 169 420 194 450 " "

#34 161 59 233 434 221 420 245 449 " "

#145 34 246 273 434 263 420 283 449 " "

#139 225 157 310 435 297 420 323 450 " "

#176 218 31 422 434 409 420 435 449 " "

#157 114 185 500 434 489 419 512 449 " "

#128 44 73 544 432 532 418 557 447 " "

#153 197 126 4 472 0 465 8 479 " "
