22 250 118 123 129 112 115 134 143 "S"
173 17 187 149 125 135 114 165 142 "T"
136 36 174 174 127 167 114 183 141 "I"
82 254 121 200 127 186 114 217 141 "R"
67 37 219 230 128 219 113 246 141 "L"
244 60 229 256 125 248 112 264 140 "I"
216 211 69 283 124 267 112 302 140 "N"
11 206 40 315 125 300 111 332 139 "G"

96 197 245 362 124 350 110 379 138 "C"
151 61 89 395 126 378 109 412 138 "A"
89 138 39 423 122 413 109 435 137 "S"
208 45 118 449 119 433 108 464 136 "T"
205 201 194 478 123 466 108 495 135 "L"
73 212 104 508 120 494 107 524 135 "E"

37 121 106 87 302 68 283 103 315 "A"
64 97 8 122 298 107 283 140 314 "R"
59 177 20 151 299 137 283 170 315 "G"
17 165 106 185 296 170 283 202 314 "Y"
140 193 40 215 300 204 282 233 314 "L"
11 169 214 245 299 234 282 263 313 "L"
140 151 135 269 286 265 281 273 295 "'"
21 241 47 287 291 277 281 298 303 "S"

233 126 192 330 298 318 281 348 312 "L"
167 154 168 367 295 350 279 385 312 "O"
181 194 134 401 294 383 279 419 311 "D"
154 191 84 437 294 422 278 456 310 "G"
35 217 231 465 293 455 278 475 309 "I"
144 85 209 496 292 476 277 514 309 "N"
209 40 56 529 292 513 276 548 308 "G"
161 108 217 560 291 549 275 573 308 "S"
