156 48 225 112 87 86 33 143 135 "G"
113 217 254 191 85 161 35 222 136 "O"
165 226 159 272 87 243 37 302 138 "O"
155 12 226 345 89 316 40 376 138 "D"

101 71 180 92 178 79 155 107 201 "H"
70 42 56 128 178 115 155 142 202 "O"
130 169 137 167 177 149 156 184 201 "M"
118 122 121 203 179 192 156 217 202 "E"

99 194 120 260 179 242 157 278 203 "M"
223 38 177 301 185 286 158 315 204 "A"
109 41 218 337 181 324 159 352 204 "D"
224 98 62 369 182 358 160 382 205 "E"

52 18 150 109 266 87 222 142 322 "F"
166 57 191 188 272 158 221 218 323 "O"
94 137 63 268 273 239 222 299 324 "O"
14 109 241 340 273 312 224 372 323 "D"

40 108 227 80 389 74 375 90 404 "C"
32 30 161 102 391 92 375 111 404 "A"
194 203 29 123 390 116 375 131 405 "S"
65 63 3 144 390 136 375 155 405 "K"

15 132 7 177 389 170 375 187 405 "C"
101 5 20 199 390 190 376 208 405 "O"
97 40 27 220 389 212 376 231 405 "N"
231 197 201 244 390 236 376 254 404 "D"
70 142 44 262 389 258 376 266 404 "I"
220 8 54 278 386 271 376 287 404 "T"
141 168 243 296 389 292 376 300 404 "I"
242 190 254 313 390 305 376 322 404 "O"
255 113 235 335 388 326 376 344 404 "N"
59 208 160 356 389 349 376 365 404 "E"
140 6 117 377 390 370 376 387 404 "D"

120 135 126 153 461 129 419 176 491 "A"
208 77 115 203 460 189 420 229 491 "L"
190 130 190 259 454 241 419 280 490 "E"
70 194 219 311 455 294 419 329 491 "S"

140 43 65 115 571 100 541 133 598 "G"
127 48 250 160 574 141 543 178 597 "A"
167 240 112 205 570 189 543 226 597 "R"
50 134 84 252 568 236 542 271 596 "D"
91 170 149 293 568 279 540 311 595 "E"
11 19 104 337 565 319 540 356 594 "N"
