125 190 202 452 46 425 0 480 92 "S"
138 137 159 518 47 492 0 555 98 "C"
253 27 65 599 50 563 0 635 102 "O"
104 79 184 671 45 644 4 706 107 "T"
123 114 246 736 51 710 11 770 112 "T"
205 153 20 784 66 770 18 799 116 "I"
240 13 211 833 71 807 22 859 121 "S"
180 58 68 899 78 866 28 934 129 "H"

83 102 166 436 474 400 430 471 523 "N"
203 11 51 513 482 478 431 545 523 "A"
94 16 161 570 468 543 432 602 523 "T"
3 236 76 613 478 601 433 627 523 "I"
230 115 76 668 479 636 434 702 525 "O"
49 180 5 741 479 710 436 774 525 "N"
173 170 14 809 488 775 439 835 526 "A"
176 213 207 859 489 844 442 882 527 "L"

255 39 202 420 903 389 862 449 941 "G"
20 157 216 489 900 457 858 519 936 "A"
121 244 77 541 896 528 854 567 930 "L"
66 89 39 584 892 571 850 609 926 "L"
193 156 124 637 883 618 845 664 922 "E"
140 205 248 696 878 671 842 724 918 "R"
35 32 135 752 869 730 837 783 912 "Y"

166 184 100 414 1234 376 1200 447 1274 "M"
76 149 135 495 1227 465 1193 526 1262 "O"
141 90 176 567 1218 542 1185 598 1253 "D"
153 45 78 630 1210 613 1175 656 1245 "E"
177 61 231 692 1201 668 1169 718 1237 "R"
177 222 96 760 1191 734 1158 789 1228 "N"

#11 206 40 156 835 139 823 174 848 " "

#96 197 245 164 890 159 878 170 903 " "

#151 61 89 150 886 143 878 156 899 " "

#89 138 39 175 889 173 878 178 904 " "
