103 233 65 203 189 199 175 209 203 "I"
213 165 65 223 191 211 181 236 203 "n"
24 228 159 249 187 242 175 258 203 "f"
66 21 159 273 192 260 182 287 204 "o"
254 38 0 297 190 292 182 308 204 "r"
33 209 76 330 192 312 182 350 205 "m"
47 147 4 369 194 356 183 382 206 "a"
115 143 179 395 191 387 177 404 206 "t"
67 64 83 411 192 408 177 415 206 "i"
126 175 138 433 195 420 184 447 206 "o"
213 111 202 463 194 451 184 477 206 "n"

161 211 207 309 245 296 233 324 265 "T"
90 206 149 330 250 327 233 334 266 "i"
39 101 190 351 254 339 241 367 267 "c"
7 246 42 382 252 372 234 400 266 "k"
190 161 173 416 253 403 241 431 267 "e"
180 166 101 443 251 434 235 453 267 "t"
105 192 201 470 254 457 242 484 267 "s"

9 52 50 346 311 331 298 361 334 "T"
1 77 44 366 317 361 306 378 334 "r"
86 23 143 397 321 382 306 412 335 "a"
157 219 198 421 316 416 298 426 334 "i"
216 166 200 444 319 430 306 459 334 "n"
129 136 11 477 320 463 306 492 335 "s"
