98 18 104 164 171 142 150 192 194 "D"
13 120 72 225 174 196 150 254 195 "A"
116 219 114 284 172 259 149 311 195 "N"
17 101 67 347 173 319 149 374 197 "G"
96 225 224 405 173 383 151 432 196 "E"
129 200 155 461 173 439 152 489 196 "R"

161 71 158 75 233 64 212 89 254 "C"
49 72 129 109 233 96 212 122 255 "O"
164 205 108 143 233 130 213 156 254 "N"
129 222 158 177 233 164 212 191 255 "S"
152 140 163 208 230 195 214 221 254 "T"
154 255 16 240 234 228 214 254 255 "R"
207 205 67 275 234 262 214 288 256 "U"
80 199 87 307 234 296 213 322 256 "C"
189 191 89 339 231 326 215 354 255 "T"
3 39 28 364 235 360 215 368 255 "I"
93 127 40 389 235 377 213 402 257 "O"
185 95 137 423 235 410 215 438 256 "N"

78 52 73 480 235 467 214 492 256 "S"
229 60 96 505 236 501 216 510 256 "I"
152 2 222 527 232 514 216 541 256 "T"
13 178 66 553 236 546 216 567 256 "E"

20 182 43 124 293 116 275 134 314 "R"
184 187 236 143 294 141 275 147 314 "i"
226 115 47 159 299 152 284 167 315 "s"
125 126 81 180 297 174 275 190 315 "k"

132 216 29 217 300 211 285 226 316 "o"
1 31 211 237 293 232 276 243 315 "f"

107 80 190 273 295 266 276 282 316 "S"
67 214 22 296 300 289 286 304 316 "e"
25 131 33 315 299 311 286 323 316 "r"
152 24 21 331 297 328 277 334 316 "i"
46 44 43 347 301 340 286 356 317 "o"
14 249 139 370 302 362 287 378 317 "u"
240 188 220 391 301 384 286 399 317 "s"

61 14 202 424 296 421 277 427 316 "I"
252 64 106 441 300 435 286 448 316 "n"
2 118 128 459 301 453 277 463 323 "j"
107 23 75 475 301 468 286 483 317 "u"
33 177 54 493 299 490 287 501 316 "r"
90 125 219 512 301 506 286 522 323 "y"

30 114 234 167 354 152 334 192 375 "K"
113 141 130 213 354 198 335 233 375 "E"
184 140 168 256 355 241 335 276 376 "E"
78 217 94 299 352 284 335 321 376 "P"

191 250 175 374 355 354 334 397 377 "O"
116 148 176 421 355 404 335 442 376 "U"
229 117 29 463 351 447 335 481 375 "T"

88 16 220 71 401 62 388 80 413 "A"
242 218 70 91 400 85 389 99 414 "N"
160 129 91 114 401 107 389 123 414 "D"

203 92 127 148 401 142 390 158 414 "K"
233 54 29 169 402 164 390 178 414 "E"
2 116 73 188 402 183 390 197 414 "E"
172 210 85 208 400 202 390 218 415 "P"

247 11 26 242 400 234 390 251 415 "Y"
35 38 169 262 402 255 390 271 416 "O"
163 91 64 283 403 276 391 292 416 "U"
53 185 51 305 403 298 391 314 415 "R"

173 104 136 339 403 333 390 349 416 "C"
213 42 225 361 403 354 391 370 415 "H"
93 50 178 378 403 376 391 381 415 "I"
90 229 10 391 404 387 390 400 415 "L"
119 233 220 411 402 404 390 420 415 "D"
181 235 93 432 402 425 390 441 415 "R"
58 197 105 451 402 446 390 460 414 "E"
152 147 108 472 401 465 389 481 414 "N"

235 87 13 506 401 500 388 515 414 "O"
223 154 135 527 400 520 389 535 413 "U"
178 104 4 547 397 539 388 556 412 "T"
230 213 162 560 399 558 388 563 412 "!"

#70 42 56 78 432 62 426 95 438 " "

#101 71 180 118 434 98 431 138 437 " "

#154 191 84 143 434 142 431 144 437 " "

#64 97 8 309 93 304 70 314 126 " "
