#136 36 174 154 317 75 227 235 408 " "

173 17 187 298 313 253 212 350 408 "a"
214 143 195 397 295 362 213 446 404 "r"
20 33 42 475 232 445 60 504 403 "l"
4 212 169 560 255 512 60 615 403 "b"
24 1 17 686 307 645 212 729 402 "o"
187 174 141 783 293 750 212 827 400 "r"
96 28 115 877 304 838 212 918 399 "o"

207 32 202 282 489 260 443 335 520 "L"
47 214 93 357 481 345 442 370 519 "I"
41 83 69 428 481 389 439 475 519 "G"
89 168 215 532 478 490 439 575 517 "H"
234 13 204 627 466 586 437 668 514 "T"
85 237 38 714 474 678 434 750 515 "S"
