108 225 132 1183 1338 1137 1264 1230 1410 "S"
82 174 214 1280 1369 1241 1310 1322 1446 "y"
241 73 144 1374 1360 1337 1310 1413 1412 "n"
233 187 241 1470 1363 1433 1312 1515 1415 "c"
166 179 235 1605 1343 1535 1273 1676 1416 "M"
135 60 219 1737 1369 1695 1317 1774 1419 "a"
153 62 12 1829 1370 1792 1318 1868 1421 "s"
13 94 36 1901 1358 1874 1295 1928 1421 "t"
183 6 28 1977 1371 1937 1321 2019 1424 "e"
179 222 71 2058 1366 2039 1323 2093 1423 "r"

200 77 18 2229 1356 2186 1284 2271 1426 "2"
139 187 67 2322 1351 2287 1287 2342 1428 "1"
3 31 166 2413 1359 2366 1287 2449 1431 "3"
9 125 90 2516 1355 2477 1310 2558 1428 "T"
