196 107 208 80 268 67 254 91 282 "4"
102 64 68 111 270 100 255 125 287 "B"
242 20 79 139 283 138 282 141 285 "."
173 220 73 165 270 154 256 179 289 "5"
125 158 246 196 274 185 256 208 290 "2"
50 73 18 228 274 215 258 242 291 "8"

50 183 48 62 446 48 433 72 461 "4"
34 161 59 98 451 88 437 111 467 "B"
145 34 246 126 465 125 464 128 467 "."
139 225 157 157 453 146 440 169 472 "5"
176 218 31 189 457 179 441 201 473 "2"
2 153 202 222 459 211 444 236 475 "6"

128 233 213 70 619 57 606 81 633 "4"
191 83 204 102 622 93 608 115 637 "B"
191 214 103 132 636 131 635 133 637 "."
157 114 185 158 625 147 611 171 642 "5"
128 44 73 191 629 181 613 201 643 "2"
153 197 126 221 630 207 616 232 643 "4"

209 205 97 73 779 61 767 83 792 "4"
143 105 255 106 783 95 769 121 798 "B"
97 73 87 136 796 134 795 138 799 "."
239 131 102 164 788 153 776 178 804 "5"
142 220 45 197 792 187 779 208 807 "2"
126 214 20 226 795 216 781 237 810 "2"

9 125 90 459 560 443 546 476 583 "Y"
31 37 56 498 565 478 546 519 585 "O"
203 212 93 542 567 529 547 558 585 "U"

245 150 252 611 569 593 549 628 585 "A"
19 59 69 650 565 636 549 666 586 "R"
10 137 13 689 566 678 550 710 586 "E"

174 219 28 761 568 745 551 777 586 "H"
154 32 50 799 569 788 552 819 587 "E"
64 238 80 842 567 829 552 858 588 "R"
253 54 120 880 570 869 553 900 588 "E"
