176 218 31 1318 740 1225 666 1389 806 "M"
139 225 157 1456 756 1410 705 1507 804 "u"
145 34 246 1545 722 1520 649 1570 798 "l"
34 161 59 1604 735 1582 668 1636 799 "t"
50 183 48 1665 729 1643 645 1693 795 "i"
196 107 208 1743 726 1694 653 1787 796 "S"
102 64 68 1842 752 1800 693 1901 852 "y"
242 20 79 1946 737 1895 688 1993 789 "n"
173 220 73 2042 738 2010 686 2100 789 "c"

125 158 246 2196 724 2166 645 2241 783 "L"
50 73 18 2309 710 2266 638 2392 783 "C"
253 54 120 2466 707 2398 639 2538 778 "D"
64 238 80 2588 725 2547 672 2620 771 "2"
154 32 50 2662 723 2621 672 2688 768 "4"
174 219 28 2739 700 2704 671 2777 767 "7"
10 137 13 2817 716 2783 667 2854 767 "0"
19 59 69 2923 711 2870 663 3003 764 "W"
245 150 252 3046 704 3015 659 3102 760 "V"
203 212 93 3143 706 3101 657 3185 757 "X"
