67 37 219 205 139 196 128 220 157 "P"
244 60 229 229 143 225 134 239 156 "r"
216 211 69 255 144 243 133 267 156 "o"
11 206 40 280 142 271 131 293 154 "c"
96 197 245 307 140 297 130 318 152 "e"
151 61 89 333 139 323 129 345 151 "e"
89 138 39 363 136 350 120 373 150 "d"

208 45 118 151 191 136 180 169 203 "w"
205 201 194 176 186 173 171 181 201 "i"
73 212 104 193 186 186 170 202 201 "t"
37 121 106 215 185 206 170 227 199 "h"

64 97 8 264 186 254 174 276 198 "c"
59 177 20 291 185 279 173 302 196 "a"
17 165 106 320 184 309 172 331 195 "u"
140 193 40 344 179 336 163 352 194 "t"
11 169 214 360 178 357 162 364 192 "i"
140 151 135 381 180 370 169 393 193 "o"
21 241 47 409 178 399 168 421 191 "n"
149 154 29 432 187 430 184 436 190 "."

225 155 193 221 227 208 211 235 244 "H"
233 126 192 253 230 243 218 265 243 "e"
167 154 168 273 226 271 210 277 241 "i"
181 194 134 295 232 283 217 306 248 "g"
154 191 84 323 224 314 208 336 239 "h"
35 217 231 350 223 342 207 359 239 "t"

144 85 209 156 286 140 275 174 298 "w"
209 40 56 189 281 180 265 201 297 "h"
161 108 217 218 284 208 272 230 296 "e"
78 94 102 247 282 237 272 258 294 "n"

156 48 225 292 279 288 269 302 293 "r"
113 217 254 319 280 307 268 332 293 "a"
165 226 159 340 275 336 259 344 292 "i"
155 12 226 360 279 349 267 371 292 "s"
101 71 180 386 278 376 266 399 290 "e"
70 42 56 418 274 404 256 429 290 "d"

130 169 137 124 334 117 319 129 352 "1"
118 122 121 145 333 138 318 150 351 "1"
99 194 120 173 333 160 317 186 351 "5"
223 38 177 209 336 192 325 228 350 "m"
109 41 218 253 335 236 324 272 348 "m"

224 98 62 309 329 301 307 319 352 "("
52 18 150 346 329 330 311 361 345 "4"
166 57 191 371 317 366 307 375 330 "1"
94 137 63 388 332 378 320 397 344 "2"
14 109 241 411 311 402 307 421 316 """
40 108 227 443 325 433 303 451 349 ")"
