194 203 29 71 128 57 105 90 158 "p"
65 63 3 99 121 93 105 114 145 "r"
15 132 7 128 125 110 105 146 146 "o"
101 5 20 156 114 145 92 170 145 "f"
97 40 27 180 125 163 105 199 147 "e"
70 142 44 214 126 199 105 231 147 "s"
141 168 243 245 126 231 105 261 146 "s"
242 190 254 267 121 264 93 270 145 "i"
255 113 235 291 126 273 105 309 147 "o"
59 208 160 328 123 313 105 344 145 "n"
140 6 117 365 126 347 105 381 146 "a"
120 135 126 389 119 386 93 392 145 "l"

208 77 115 92 233 52 168 115 287 "J"
190 130 190 164 243 118 196 205 288 "a"
70 194 219 241 238 201 199 284 286 "v"
140 43 65 323 244 277 196 365 288 "a"

127 48 250 92 355 50 322 137 392 "W"
50 134 84 154 365 128 339 181 393 "e"
91 170 149 203 361 183 323 232 393 "b"

11 19 104 288 358 258 321 317 394 "S"
125 190 202 342 366 318 339 369 394 "e"
138 137 159 382 362 372 339 402 392 "r"
123 114 246 426 364 403 341 451 392 "v"
205 153 20 461 359 453 323 469 392 "i"
240 13 211 493 366 471 339 518 393 "c"
180 58 68 543 365 519 339 570 393 "e"
83 102 166 593 365 571 339 617 392 "s"
