230 115 76 78 142 55 110 103 174 "U"
49 180 5 130 141 107 108 155 175 "S"
173 170 14 174 141 159 109 197 174 "E"

176 213 207 251 139 223 107 279 173 "O"
255 39 202 309 139 285 107 334 172 "N"
20 157 216 351 144 341 107 376 172 "L"
121 244 77 407 132 381 106 433 172 "Y"

66 89 39 481 138 457 107 510 171 "D"
193 156 124 537 136 516 107 562 171 "R"
140 205 248 578 137 571 105 585 171 "I"
35 32 135 614 135 600 129 628 142 "-"
166 184 100 680 135 640 106 721 171 "W"
76 149 135 734 137 728 107 742 172 "I"
141 90 176 769 133 751 108 796 169 "P"
153 45 78 818 141 803 109 842 174 "E"

177 61 231 900 141 871 109 930 175 "M"
177 222 96 963 145 936 110 991 176 "A"
8 173 128 1018 141 998 112 1043 175 "R"
103 233 65 1068 144 1050 112 1097 177 "K"
213 165 65 1120 145 1105 114 1143 177 "E"
24 228 159 1171 143 1151 114 1195 178 "R"
66 21 159 1224 147 1202 115 1247 180 "S"

254 38 0 85 272 59 240 112 305 "O"
33 209 76 141 272 117 241 165 304 "N"

47 147 4 218 265 194 242 241 305 "T"
115 143 179 272 273 248 242 297 306 "H"
67 64 83 320 273 306 242 344 305 "E"
126 175 138 372 274 349 240 397 308 "S"
213 111 202 419 274 404 243 443 305 "E"

161 211 207 494 274 473 243 519 306 "B"
90 206 149 552 274 523 241 581 308 "O"
39 101 190 614 277 588 243 641 307 "A"
7 246 42 670 273 650 244 695 307 "R"
89 138 39 728 274 704 245 757 307 "D"
190 161 173 787 277 764 244 809 311 "S"
