82 174 214 120 204 94 179 158 229 "C"
241 73 144 172 209 149 190 199 229 "e"
233 187 241 221 208 196 191 246 229 "n"
166 179 235 263 204 249 180 282 229 "t"
13 94 36 294 207 276 189 319 231 "r"
183 6 28 339 209 313 189 364 230 "a"
179 222 71 374 204 360 179 389 230 "l"

139 187 67 178 266 157 245 211 300 "T"
9 125 90 218 283 198 258 245 317 "y"
245 150 252 256 276 239 259 282 301 "r"
64 238 80 300 280 277 260 327 301 "e"

253 54 120 483 249 462 229 505 270 "M"
173 220 73 512 265 507 259 517 271 "."
102 64 68 534 249 516 227 553 272 "O"
196 107 208 557 265 553 260 563 272 "."
50 183 48 574 246 559 229 589 271 "T"
34 161 59 592 265 587 260 597 272 "."

#155 28 58 8 246 0 229 20 270 " "

#186 221 64 18 264 14 259 24 270 " "

#37 121 106 626 138 608 125 639 147 " "

#73 212 104 637 248 634 231 639 270 " "

#205 201 194 612 249 601 237 624 263 " "
