176 218 31 266 176 261 168 276 183 "C"
2 153 202 287 170 279 163 296 177 "O"
157 114 185 303 168 299 160 311 174 "L"
128 44 73 320 164 314 157 329 172 "C"
201 234 178 340 164 334 158 347 170 "H"
191 83 204 357 164 354 158 362 171 "E"
191 214 103 371 165 367 159 375 173 "S"
126 214 20 386 166 381 161 392 174 "T"
142 220 45 400 171 396 164 407 179 "E"
239 131 102 415 175 409 168 421 183 "R"

143 105 255 277 221 265 204 297 248 "P"
209 205 97 326 225 302 204 351 247 "O"
156 157 30 371 225 357 203 386 247 "S"
240 29 230 407 218 387 204 426 246 "T"

215 2 119 257 286 231 262 283 310 "O"
12 158 116 299 282 290 263 317 309 "F"
53 126 89 334 280 324 262 351 307 "F"
207 204 244 364 283 359 262 370 306 "I"
45 144 211 395 283 376 261 420 307 "C"
143 211 72 438 283 425 261 457 305 "E"
