108 225 132 1463 91 1451 69 1481 113 "K"
82 174 214 1502 95 1489 81 1517 113 "n"
241 73 144 1541 97 1526 81 1558 114 "o"
233 187 241 1586 97 1563 82 1611 114 "w"
166 179 235 1622 90 1619 68 1626 113 "l"
153 62 12 1647 97 1634 81 1664 115 "e"
183 6 28 1687 95 1668 67 1702 116 "d"
179 222 71 1720 105 1707 82 1736 128 "g"
200 77 18 1754 98 1742 82 1770 115 "e"

139 187 67 1820 91 1796 71 1846 114 "M"
9 125 90 1869 100 1855 83 1881 116 "a"
31 37 56 1904 96 1891 81 1919 115 "n"
203 212 93 1942 100 1927 83 1954 116 "a"
245 150 252 1974 106 1962 83 1989 129 "g"
19 59 69 2007 99 1995 84 2023 116 "e"
10 137 13 2054 97 2032 84 2079 115 "m"
174 219 28 2099 99 2088 84 2114 116 "e"
154 32 50 2136 98 2122 84 2150 115 "n"
253 54 120 2167 96 2157 77 2177 117 "t"

125 158 246 2205 99 2200 70 2213 129 "("
173 220 73 2235 95 2223 74 2252 117 "K"
242 20 79 2285 94 2261 73 2311 117 "M"
196 107 208 2326 101 2318 70 2334 131 ")"

12 158 116 939 1076 930 1062 947 1090 "2"
51 30 18 955 1086 953 1085 958 1089 "."
212 213 244 973 1076 966 1062 981 1090 "1"
164 212 159 994 1075 985 1061 1004 1089 "0"

50 183 48 1635 598 1596 555 1674 642 "O"
145 34 246 1693 595 1685 551 1702 639 "l"
139 225 157 1739 608 1714 577 1768 640 "e"
176 218 31 1801 619 1775 577 1830 661 "g"

2 153 202 1895 595 1870 556 1929 638 "R"
157 114 185 1964 607 1935 576 1994 638 "o"
128 44 73 2023 607 2003 576 2044 638 "s"
153 197 126 2066 599 2047 562 2086 638 "t"
128 233 213 2120 607 2093 575 2142 637 "a"
201 234 178 2182 603 2158 575 2209 636 "n"
191 83 204 2232 596 2223 551 2240 636 "i"
191 214 103 2279 602 2255 575 2306 636 "n"

126 214 20 1753 808 1718 764 1789 846 "A"
142 220 45 1816 815 1796 784 1838 846 "s"
239 131 102 1857 804 1849 760 1865 845 "i"
97 73 87 1893 795 1875 757 1913 844 "f"

143 105 255 1970 803 1946 761 1997 844 "S"
209 205 97 2030 803 2008 756 2060 843 "h"
156 157 30 2099 813 2072 781 2121 843 "a"
114 114 22 2158 802 2137 755 2188 841 "h"
240 29 230 2227 812 2201 780 2249 842 "a"
74 79 132 2287 803 2265 754 2319 841 "b"
