34 50 207 142 190 138 179 148 201 "I"
143 211 72 159 189 149 179 170 200 "N"
217 230 117 183 187 172 178 195 200 "V"
43 247 192 204 187 196 177 212 199 "E"
135 129 120 223 188 215 177 231 199 "S"
95 14 68 240 185 232 176 249 198 "T"
212 0 80 263 187 250 175 278 198 "M"
190 141 97 287 185 280 175 295 197 "E"
151 61 89 308 185 298 174 319 197 "N"
51 59 7 329 183 321 174 338 196 "T"
24 31 130 346 184 339 173 355 196 "S"

218 146 112 144 228 136 219 155 241 "P"
206 84 100 162 229 154 218 171 241 "E"
62 133 177 183 228 173 217 195 241 "N"
4 106 70 204 229 196 217 212 240 "S"
14 115 150 219 227 214 216 224 239 "I"
47 22 217 235 227 226 216 245 239 "O"
212 104 103 258 226 246 215 269 238 "N"
74 74 247 278 226 270 215 286 238 "S"

22 250 118 147 270 134 259 162 282 "M"
173 17 187 173 269 164 258 182 281 "O"
136 36 174 193 269 184 258 204 281 "R"
82 254 121 213 267 205 258 222 281 "T"
67 37 219 233 268 224 256 245 280 "G"
244 60 229 256 270 244 256 269 280 "A"
216 211 69 278 267 268 256 290 280 "G"
11 206 40 299 266 291 255 309 278 "E"
96 197 245 319 266 311 254 328 279 "S"
