99 194 120 439 669 370 557 525 781 "E"
223 38 177 589 666 508 549 671 781 "S"
14 109 241 737 643 657 548 829 777 "P"

97 40 27 1335 615 1261 518 1434 759 "T"
231 197 201 1491 635 1403 512 1580 757 "O"

208 77 115 204 979 195 963 215 996 "E"
190 130 190 224 984 213 973 234 996 "x"
70 194 219 242 987 233 973 253 1006 "p"
140 43 65 264 985 255 973 273 998 "e"
127 48 250 280 984 275 974 289 998 "r"
167 240 112 293 982 289 964 299 998 "i"
50 134 84 309 986 300 974 319 999 "e"
91 170 149 330 986 320 974 340 998 "n"
11 19 104 350 986 341 974 361 1000 "c"
245 252 230 371 986 362 975 381 999 "e"

138 137 159 398 984 393 969 406 1000 "t"
253 27 65 414 984 405 965 425 1000 "h"
104 79 184 436 987 427 975 447 1000 "e"

123 114 246 470 982 458 965 483 1000 "R"
205 153 20 492 987 483 975 503 1001 "e"
240 13 211 513 986 505 976 525 1000 "v"
83 102 166 534 988 524 975 544 1001 "o"
203 11 51 551 983 546 966 558 1001 "l"
94 16 161 568 988 558 976 579 1001 "u"
3 236 76 585 985 580 970 593 1001 "t"
230 115 76 598 984 592 966 605 1001 "i"
49 180 5 615 988 605 976 625 1002 "o"
173 170 14 637 988 626 976 648 1001 "n"

176 213 207 677 987 662 976 697 1002 "w"
255 39 202 702 984 696 965 709 1002 "i"
20 157 216 715 985 709 969 723 1002 "t"
121 244 77 732 984 721 965 743 1001 "h"

66 89 39 770 983 757 964 784 1002 "O"
193 156 124 791 986 784 975 801 1001 "r"
140 205 248 811 988 799 974 821 1002 "a"
35 32 135 834 987 823 974 847 1001 "n"
166 184 100 857 991 845 973 870 1010 "g"
76 149 135 881 987 871 974 893 1001 "e"

141 90 176 917 985 911 977 926 1000 "T"
153 45 78 928 991 922 983 935 1000 "o"

177 61 231 950 990 944 982 957 1000 "o"
177 222 96 961 989 958 983 968 999 "r"
8 173 128 975 989 968 976 982 1000 "d"
103 233 65 989 991 983 982 996 1000 "e"
213 165 65 1000 989 997 982 1007 999 "r"

24 228 159 1019 991 1014 982 1027 1004 "y"
66 21 159 1033 990 1027 982 1040 999 "o"
254 38 0 1048 990 1042 982 1055 999 "u"
33 209 76 1060 988 1056 982 1067 998 "r"

47 147 4 1079 989 1074 982 1087 998 "v"
126 175 138 1093 984 1088 976 1100 998 "7"
213 111 202 1106 986 1100 976 1113 998 "0"
161 211 207 1119 989 1114 981 1126 998 "e"

7 246 42 1142 989 1136 981 1149 998 "o"
105 192 201 1157 989 1150 981 1164 998 "n"

180 166 101 1181 986 1174 974 1190 998 "O"
9 52 50 1194 988 1191 981 1201 998 "r"
1 77 44 1208 989 1201 981 1215 998 "a"
86 23 143 1223 989 1216 981 1230 998 "n"
157 219 198 1238 992 1231 981 1245 1004 "g"
208 84 249 1253 989 1247 981 1261 998 "e"

23 113 231 1282 990 1275 980 1290 1004 "p"
13 120 72 1294 986 1291 974 1298 998 "l"
29 41 146 1305 989 1299 980 1312 998 "e"
153 41 134 1320 989 1314 980 1327 998 "a"
116 219 114 1335 989 1329 980 1342 998 "s"
79 250 28 1349 989 1343 981 1357 998 "e"

181 184 55 1372 988 1367 980 1380 998 "c"
87 149 176 1388 988 1382 980 1395 997 "a"
128 223 245 1400 985 1397 974 1403 996 "l"
141 109 108 1406 985 1404 974 1410 996 "l"

139 217 116 1425 984 1422 974 1428 996 "1"
17 101 67 1438 983 1431 973 1446 996 "5"
246 165 8 1451 984 1445 973 1459 996 "0"

247 189 121 1473 987 1467 978 1479 995 "a"
184 21 235 1488 985 1482 978 1496 994 "n"
96 225 224 1504 984 1498 971 1511 994 "d"

91 244 123 1525 986 1519 977 1533 999 "p"
138 138 98 1538 982 1535 976 1545 992 "r"
92 39 143 1551 984 1545 976 1558 993 "e"
135 229 247 1565 983 1559 975 1571 992 "s"
50 59 74 1578 982 1573 974 1585 991 "s"

#233 126 192 939 694 816 587 1063 771 " "

#149 154 29 1174 664 1080 528 1258 765 " "

#98 18 104 1264 997 1260 993 1268 1002 " "

#10 137 13 1594 977 1590 964 1599 991 " "

220 8 54 62 982 54 974 70 992 "o"
141 168 243 75 981 71 974 81 992 "r"
242 190 254 89 983 83 975 96 992 "a"
255 113 235 105 983 99 975 113 992 "n"
59 208 160 124 987 117 975 131 1000 "g"
140 6 117 140 984 133 975 149 994 "e"

120 188 200 147 971 145 969 149 975 "T"
135 60 219 153 972 151 969 156 975 "M"
