164 205 108 686 278 623 203 728 352 "g"
152 140 163 811 258 755 201 863 313 "o"

3 111 117 1037 470 988 428 1087 512 "S"
106 158 47 1170 471 1112 428 1229 515 "O"
80 16 239 1307 470 1251 435 1364 510 "N"
129 200 155 1439 467 1388 437 1497 511 "Y"

154 255 16 968 259 921 201 1023 316 "c"
207 205 67 1064 248 1041 200 1110 316 "r"
93 127 40 1159 260 1110 203 1212 318 "e"
185 95 137 1278 265 1224 203 1331 321 "a"
78 52 73 1365 246 1332 175 1398 321 "t"
229 60 96 1456 264 1407 207 1508 322 "e"

#1 195 227 162 440 118 427 206 453 " "

#48 255 219 247 444 225 436 270 453 " "

#137 26 178 209 206 165 189 253 224 " "
