13 178 66 554 53 528 15 593 112 "P"
20 182 43 627 67 603 14 660 112 "h"
184 187 236 686 69 679 14 695 112 "i"
226 115 47 719 63 712 14 727 113 "l"
132 216 29 749 69 742 13 757 112 "i"
1 31 211 799 86 773 44 838 145 "p"
107 80 190 872 79 849 45 895 114 "s"

67 214 22 970 55 950 13 1001 113 "f"
25 131 33 1008 69 1002 13 1016 114 "i"
152 24 21 1054 81 1031 46 1077 116 "s"
46 44 43 1099 74 1093 17 1105 115 "i"
14 249 139 1158 82 1123 48 1193 117 "o"

240 188 220 1288 70 1258 19 1318 120 "8"
49 148 109 1362 77 1328 20 1395 122 "2"
175 116 146 1437 74 1403 23 1472 125 "0"
164 181 141 1515 92 1485 59 1549 128 "e"
