252 64 106 1104 1203 1061 1133 1148 1272 "S"
2 118 128 1198 1234 1160 1178 1238 1307 "y"
107 23 75 1289 1225 1254 1179 1326 1275 "n"
33 177 54 1381 1229 1347 1180 1424 1278 "c"
90 125 219 1512 1210 1446 1143 1580 1280 "M"
30 114 234 1641 1236 1602 1186 1676 1283 "a"
113 141 130 1730 1237 1696 1188 1767 1285 "s"
184 140 168 1800 1227 1775 1166 1825 1287 "t"
78 217 94 1873 1238 1836 1190 1915 1289 "e"
191 250 175 1952 1235 1935 1194 1986 1289 "r"

229 117 29 2119 1228 2077 1156 2158 1294 "2"
88 16 220 2209 1221 2175 1160 2228 1295 "1"
242 218 70 2297 1229 2252 1160 2331 1298 "3"
160 129 91 2397 1226 2360 1183 2438 1297 "T"
