233 54 29 357 955 340 929 378 991 "P"
2 116 73 395 959 378 928 414 992 "O"
172 210 85 430 959 414 928 450 992 "C"
247 11 26 467 960 449 929 490 991 "K"
35 38 169 502 960 487 929 522 991 "E"
163 91 64 538 953 526 929 557 990 "T"

53 185 51 585 954 570 928 606 990 "F"
173 104 136 614 964 603 929 630 990 "L"
213 42 225 652 962 631 929 665 990 "A"
93 50 178 687 959 670 927 705 991 "S"
119 233 220 723 958 703 928 744 990 "H"

181 235 93 767 898 747 875 786 914 "U"
58 197 105 790 874 773 859 804 896 "P"
235 87 13 817 858 801 836 837 874 "G"
223 154 135 847 838 828 821 870 859 "R"
178 104 4 879 825 870 807 898 844 "A"
230 213 162 908 808 889 792 925 830 "D"
188 198 164 937 797 921 778 956 817 "E"

141 95 119 988 779 971 761 1001 799 "Y"
214 143 195 1022 773 1006 756 1038 791 "O"
20 33 42 1053 765 1038 747 1069 784 "U"
4 212 169 1088 760 1072 743 1106 779 "R"

24 1 17 1144 754 1129 737 1160 772 "D"
96 28 115 1170 751 1163 735 1178 769 "I"
207 32 202 1195 751 1182 733 1213 768 "G"
47 214 93 1223 749 1217 733 1231 767 "I"
41 83 69 1247 747 1235 734 1261 766 "T"
89 168 215 1275 753 1260 734 1288 767 "A"
234 13 204 1302 754 1292 735 1319 769 "L"

85 237 38 1354 757 1344 737 1371 773 "L"
132 128 78 1381 757 1373 740 1390 775 "I"
248 43 217 1401 758 1390 742 1417 777 "F"
237 184 55 1430 764 1416 746 1445 783 "E"
160 122 213 1452 766 1447 750 1459 786 "!"

250 78 92 1113 321 1091 289 1137 354 "S"
252 33 159 1168 323 1145 290 1194 353 "A"
133 54 60 1236 320 1203 291 1269 353 "M"
176 129 142 1305 322 1283 290 1328 354 "S"
238 191 125 1360 322 1338 291 1382 355 "U"
133 228 177 1417 322 1393 291 1441 354 "N"
7 18 233 1475 323 1454 290 1497 355 "G"
