163 226 102 259 106 240 78 280 148 "T"
244 185 243 310 112 291 69 335 148 "h"
4 244 185 370 121 348 93 395 150 "e"

44 45 2 205 242 174 202 236 276 "A"
1 30 224 252 233 246 192 260 276 "l"
67 248 116 294 240 275 192 322 277 "b"
162 11 144 355 247 333 217 381 278 "e"
146 22 55 402 244 394 218 422 277 "r"
28 83 8 442 240 428 203 457 278 "t"

114 14 55 317 395 302 369 336 422 "B"
70 242 251 346 392 336 381 360 405 "e"
9 38 204 372 392 362 381 385 405 "e"
122 246 126 391 396 385 370 399 428 "f"
85 237 216 409 393 399 381 422 406 "e"
202 18 151 434 393 424 381 443 405 "a"
110 8 108 449 390 444 370 456 414 "t"
224 176 63 465 393 457 381 476 405 "e"
155 28 58 482 391 480 382 491 405 "r"
