139 253 190 421 1655 290 1550 561 1768 "W"
206 25 158 622 1685 558 1609 690 1765 "e"

105 254 161 880 1670 778 1604 982 1759 "m"
2 250 212 1071 1684 1005 1602 1126 1760 "a"
189 237 103 1200 1661 1156 1531 1280 1754 "k"
18 25 201 1351 1677 1289 1600 1415 1758 "e"

246 63 209 1553 1676 1499 1595 1610 1754 "s"
102 8 242 1695 1682 1629 1597 1758 1749 "u"
190 173 81 1812 1659 1784 1594 1868 1749 "r"
2 236 197 1940 1670 1879 1594 2007 1748 "e"

234 18 148 2155 1659 2091 1591 2222 1743 "n"
173 131 246 2311 1663 2241 1589 2380 1738 "o"
65 149 99 2442 1645 2391 1551 2495 1739 "t"
219 189 227 2571 1636 2515 1517 2646 1739 "h"
216 88 161 2690 1637 2667 1530 2710 1737 "i"
54 49 79 2802 1650 2735 1583 2869 1735 "n"
200 253 206 2956 1691 2890 1581 3027 1801 "g"

239 92 197 3157 1653 3101 1575 3216 1731 "s"
103 229 101 3272 1637 3218 1538 3324 1730 "t"
220 48 196 3405 1653 3341 1572 3463 1730 "a"
226 156 175 3548 1638 3480 1572 3620 1724 "n"
54 182 94 3709 1631 3633 1498 3770 1723 "d"
0 190 75 3841 1640 3787 1565 3887 1720 "s"

135 47 86 350 1979 280 1898 407 2055 "a"
84 106 132 500 1963 438 1895 568 2050 "n"
108 95 54 671 1954 591 1818 729 2049 "d"

197 60 218 864 1948 814 1852 921 2043 "t"
73 203 10 996 1935 940 1812 1071 2043 "h"
215 14 202 1157 1961 1094 1881 1224 2039 "e"

244 177 242 1367 1958 1306 1882 1433 2035 "e"
116 143 152 1530 1975 1452 1879 1587 2102 "q"
79 34 24 1679 1965 1612 1877 1746 2036 "u"
116 63 88 1792 1928 1768 1821 1811 2029 "i"
66 239 71 1900 1966 1842 1872 1977 2097 "p"
223 46 84 2103 1937 1997 1869 2205 2026 "m"
182 57 190 2285 1943 2225 1867 2349 2021 "e"
103 12 230 2436 1932 2371 1863 2503 2019 "n"
116 27 28 2566 1924 2515 1824 2619 2020 "t"

119 254 92 2749 1965 2689 1864 2821 2087 "y"
110 107 157 2904 1937 2834 1860 2975 2013 "o"
167 72 147 3062 1943 2995 1856 3130 2011 "u"

62 179 68 3282 1921 3217 1852 3352 2006 "n"
4 184 2 3430 1926 3366 1850 3496 2005 "e"
48 182 135 3572 1926 3510 1849 3638 2002 "e"
228 221 34 3730 1907 3655 1774 3792 2001 "d"
97 221 86 3848 1974 3828 1952 3870 1996 "."

#179 74 61 3435 2552 2984 2514 3887 2591 " "
