229 146 29 49 281 42 274 56 290 "N"
119 74 43 65 285 60 279 71 291 "u"
89 24 195 83 282 74 277 93 289 "m"

106 14 10 43 313 41 303 50 320 "L"
196 66 10 60 312 54 307 66 319 "o"
15 190 113 73 312 69 306 79 319 "c"
5 60 81 86 311 82 302 93 319 "k"

179 74 61 311 276 305 268 320 286 "C"
208 25 158 329 279 324 272 335 286 "a"
105 254 161 342 280 338 273 349 290 "p"
4 250 212 356 278 352 272 362 285 "s"

191 237 103 310 307 307 297 318 314 "L"
20 25 201 326 307 321 301 332 314 "o"
104 8 242 339 306 335 301 345 313 "c"
48 105 148 351 306 348 297 358 313 "k"

175 131 246 560 271 554 263 567 280 "S"
65 149 99 573 273 569 267 579 280 "c"
218 88 161 583 272 581 267 587 279 "r"
56 49 79 594 272 589 267 600 279 "o"
202 253 206 603 270 602 263 604 278 "l"
239 92 197 608 270 607 263 609 278 "l"

105 229 101 561 301 558 291 569 307 "L"
222 48 196 576 300 571 295 582 307 "o"
226 156 175 588 300 584 294 594 307 "c"
84 106 132 599 299 596 290 607 306 "k"

108 95 54 269 372 244 347 294 402 "V"
215 14 202 298 379 293 354 302 401 "i"
79 34 24 326 386 309 367 341 415 "g"
116 63 88 347 372 343 345 354 399 "l"
119 254 92 373 381 357 364 392 398 "e"
62 179 68 406 379 392 365 430 397 "n"
