168 160 238 84 178 70 157 101 200 "E"
34 12 105 124 179 111 159 137 200 "S"
127 36 208 158 178 146 160 172 201 "T"
40 63 24 197 184 173 160 217 202 "A"
203 169 192 233 178 220 161 247 202 "T"
217 255 1 261 181 250 161 276 203 "E"

100 228 189 334 187 311 165 355 205 "A"
139 51 184 376 186 361 166 395 206 "G"
195 217 154 411 187 399 167 426 207 "E"
6 142 64 449 185 431 167 468 208 "N"
116 55 97 488 185 474 168 501 209 "T"
32 131 50 522 188 509 168 535 209 "S"

73 61 251 267 262 254 247 279 278 "S"
249 84 225 298 266 280 248 315 280 "A"
78 44 2 332 264 317 248 349 280 "X"
151 10 182 363 264 349 248 378 280 "O"
159 121 194 395 262 379 249 411 280 "N"
112 124 121 427 265 416 250 439 281 "S"

63 128 140 196 388 191 380 202 396 "S"
71 77 224 211 390 202 382 219 397 "A"
116 95 10 229 389 221 382 238 397 "X"
43 187 90 246 390 239 383 254 398 "O"
100 156 46 263 390 255 383 270 398 "N"
39 152 135 277 390 272 383 282 398 "S"

238 72 168 299 390 293 383 307 398 "E"
72 51 152 313 390 309 383 319 398 "S"
110 189 72 327 390 321 384 334 399 "T"
183 206 185 342 393 334 384 350 399 "A"
179 17 177 357 390 351 384 365 399 "T"
28 40 21 373 391 367 384 381 399 "E"

90 233 235 401 393 392 385 410 399 "A"
92 218 85 417 392 409 385 425 400 "G"
128 109 175 433 392 427 385 440 399 "E"
236 196 160 449 391 442 385 457 399 "N"
250 15 103 465 391 459 385 472 400 "T"
225 228 202 478 392 474 385 483 400 "S"

#0 190 75 165 471 155 468 176 474 " "

#135 47 86 270 472 260 470 280 475 " "

#161 108 217 129 468 123 465 135 472 " "

#78 94 102 511 435 498 433 524 438 " "

#156 48 225 410 448 400 443 421 454 " "

#113 217 254 409 469 400 461 419 478 " "

#165 226 159 360 447 348 442 372 453 " "

#155 12 226 360 469 352 460 368 478 " "

#101 71 180 267 434 254 431 280 437 " "

#70 42 56 189 469 185 465 194 473 " "

#130 169 137 162 432 148 430 176 435 " "

#99 194 120 554 393 511 387 597 400 " "
