252 174 236 9 154 5 142 19 166 "E"

117 167 154 48 153 41 142 57 166 "R"
205 48 90 74 153 64 140 84 167 "O"
165 169 144 102 154 92 141 111 167 "U"
244 75 135 128 153 119 140 138 167 "G"
112 175 142 155 154 147 142 165 167 "H"

166 163 238 198 154 189 141 208 167 "G"
216 107 139 226 154 217 142 236 168 "U"
139 176 217 247 154 245 141 250 167 "I"
78 214 8 268 154 260 141 278 167 "D"
129 209 50 293 155 288 142 303 168 "E"

114 73 205 99 253 30 194 162 316 "W"
157 33 14 203 272 175 232 241 320 "e"
190 139 191 290 265 259 195 332 321 "b"
64 253 225 372 278 345 234 400 322 "s"
55 29 164 427 267 421 199 435 322 "i"
101 31 10 481 270 456 212 510 328 "t"
71 125 104 550 281 521 240 590 330 "e"

54 29 186 188 376 164 338 218 414 "D"
158 52 210 237 381 232 340 242 416 "i"
68 246 35 269 386 262 364 288 417 "r"
142 44 57 313 390 295 365 337 420 "e"
157 196 169 364 392 348 366 390 422 "c"
50 193 64 413 388 399 353 431 424 "t"
242 175 113 464 398 441 371 489 426 "o"
242 208 100 513 395 507 375 533 427 "r"
9 95 70 562 407 539 375 590 452 "y"

132 255 150 18 455 9 442 30 468 "A"
62 197 23 40 459 33 451 48 469 "n"
99 51 252 62 464 53 452 69 478 "g"
146 132 195 82 463 74 454 90 471 "u"
163 8 171 100 462 94 454 106 472 "s"

240 63 170 127 461 119 447 131 474 "J"
85 28 63 138 472 136 471 140 474 "."

#15 132 7 520 469 453 460 587 479 " "

#88 1 49 395 466 352 454 438 479 " "

#7 74 29 325 465 311 452 339 479 " "

#79 81 173 227 463 157 447 303 479 " "
