179 232 145 288 2072 156 1967 419 2181 "W"
133 43 144 484 2095 427 2025 549 2172 "e"

227 183 227 743 2081 646 2016 842 2166 "m"
88 202 101 934 2087 871 2009 986 2158 "a"
176 153 197 1060 2060 1021 1939 1137 2151 "k"
186 171 195 1210 2074 1154 2004 1272 2148 "e"

193 36 45 1411 2068 1359 1995 1465 2142 "s"
196 155 16 1551 2072 1487 1993 1611 2136 "u"
252 241 97 1667 2047 1646 1989 1719 2129 "r"
74 191 216 1792 2053 1738 1986 1855 2126 "e"

21 230 211 2005 2040 1947 1978 2067 2118 "n"
165 232 162 2159 2044 2094 1974 2224 2115 "o"
234 242 242 2286 2022 2243 1933 2334 2111 "t"
97 215 7 2413 2009 2361 1897 2484 2105 "h"
112 183 135 2531 2011 2512 1910 2547 2100 "i"
177 135 219 2639 2021 2582 1960 2701 2099 "n"
233 229 215 2788 2059 2730 1956 2857 2160 "g"

#204 6 239 3526 1983 3454 1862 3579 2071 " "

#134 76 182 3822 1965 3786 1855 3887 2061 " "

37 215 54 223 2401 157 2324 274 2471 "a"
203 114 147 371 2381 311 2317 434 2464 "n"
167 206 142 541 2366 466 2238 592 2458 "d"

105 60 191 732 2359 687 2266 784 2451 "t"
67 135 40 864 2345 812 2228 937 2445 "h"
130 198 121 1020 2364 966 2294 1083 2438 "e"

161 249 21 1231 2356 1175 2286 1294 2432 "e"
109 247 31 1393 2371 1318 2281 1447 2491 "q"
177 159 62 1541 2357 1479 2275 1602 2421 "u"
29 217 198 1651 2321 1633 2217 1667 2413 "i"
36 115 204 1758 2355 1705 2266 1830 2479 "p"
131 129 80 1953 2322 1857 2258 2053 2405 "m"
117 139 59 2133 2324 2076 2254 2195 2399 "e"
237 41 91 2282 2311 2221 2248 2344 2391 "n"
178 149 13 2409 2297 2361 2208 2458 2388 "t"

174 101 239 2591 2337 2530 2240 2655 2450 "y"
114 107 18 2740 2305 2674 2234 2807 2377 "o"
209 15 28 2894 2310 2831 2231 2955 2373 "u"

237 220 110 3107 2284 3048 2221 3170 2364 "n"
231 203 202 3247 2286 3193 2218 3309 2359 "e"
126 209 105 3386 2281 3332 2213 3448 2354 "e"
113 116 184 3541 2259 3471 2137 3596 2350 "d"
236 176 154 3655 2331 3641 2319 3670 2344 "."

#156 115 141 2985 2016 2934 1948 3037 2090 " "

#212 206 198 3096 1996 3054 1908 3143 2084 " "

#6 161 176 3227 2016 3166 1942 3277 2081 " "

#58 55 157 3366 1997 3308 1937 3427 2074 " "

#255 140 75 3655 2000 3604 1929 3708 2070 " "
