214 80 89 313 217 291 163 357 286 "F"
97 119 108 408 225 366 162 467 289 "C"
141 188 11 525 232 468 165 580 289 "A"

89 252 166 76 323 68 310 91 342 "F"
162 137 23 105 331 93 319 117 343 "o"
7 32 190 131 331 123 319 139 342 "s"
2 171 157 153 327 148 312 161 342 "t"
237 45 167 175 329 166 318 187 342 "e"
47 185 167 199 328 194 319 209 341 "r"

255 115 18 243 325 232 309 262 342 "C"
30 106 210 275 330 265 318 284 342 "a"
87 91 174 297 327 292 318 307 341 "r"
41 229 75 321 329 311 318 332 341 "e"

163 2 63 368 326 352 309 380 341 "A"
3 142 181 393 329 385 318 401 341 "s"
191 53 22 415 329 407 317 423 341 "s"
61 19 154 441 328 430 317 452 340 "o"
32 136 237 467 328 459 317 478 340 "c"
231 106 202 488 324 484 307 492 339 "i"
165 210 198 507 329 497 317 517 340 "a"
53 148 118 528 325 524 311 536 339 "t"
103 50 81 549 327 541 316 559 339 "e"
38 195 242 572 328 565 316 580 339 "s"

#70 142 44 285 380 268 366 303 394 " "
