41 93 110 1945 537 1883 439 2001 629 "2"
246 112 105 2050 614 2031 593 2070 636 "."
61 198 191 2160 557 2109 457 2214 642 "1"
64 201 34 2302 539 2242 465 2358 648 "7"

146 205 74 1529 720 1517 698 1548 742 "K"
249 92 196 1566 726 1553 711 1580 743 "n"
251 1 38 1602 729 1587 714 1617 745 "o"
38 101 96 1644 731 1622 716 1667 748 "w"
87 91 35 1677 726 1674 705 1681 748 "l"
2 62 237 1700 734 1688 719 1715 751 "e"
79 216 191 1737 734 1722 709 1749 753 "d"
186 243 149 1768 744 1754 721 1782 767 "g"
234 27 112 1800 740 1788 725 1814 756 "e"

72 126 122 1860 736 1838 716 1884 758 "M"
19 20 151 1905 745 1892 729 1916 761 "a"
174 76 23 1937 745 1925 731 1951 762 "n"
217 147 179 1971 749 1958 733 1982 764 "a"
214 126 67 2000 756 1988 735 2015 777 "g"
58 220 102 2031 751 2019 736 2045 768 "e"
241 57 78 2074 752 2053 738 2097 770 "m"
77 216 142 2115 756 2103 741 2129 772 "e"
130 100 229 2148 756 2136 743 2161 773 "n"
19 20 149 2176 756 2168 738 2185 776 "t"

228 198 112 2210 759 2206 733 2217 787 "("
7 7 152 2237 757 2227 738 2252 778 "K"
58 241 84 2282 760 2260 739 2305 782 "M"
95 65 242 2319 766 2313 740 2324 793 ")"

163 59 148 1691 1397 1667 1362 1722 1433 "D"
157 241 200 1743 1404 1734 1383 1763 1434 "r"
50 102 85 1769 1426 1763 1420 1776 1434 "."

203 110 193 1833 1395 1820 1367 1857 1435 "F"
206 98 53 1884 1411 1861 1384 1903 1437 "a"
175 5 35 1921 1403 1915 1366 1929 1437 "i"
77 186 247 1955 1413 1938 1386 1973 1439 "s"
190 31 240 2001 1414 1979 1387 2020 1440 "a"
131 109 19 2038 1402 2032 1366 2045 1440 "l"

139 162 69 2097 1406 2077 1371 2119 1442 "S"
200 145 253 2146 1408 2128 1369 2170 1442 "h"
147 217 57 2202 1418 2180 1391 2220 1444 "a"
229 138 66 2242 1402 2227 1370 2258 1443 "f"
163 117 175 2280 1419 2259 1393 2298 1444 "a"
95 191 199 2316 1411 2310 1374 2324 1444 "i"
90 147 216 2345 1414 2330 1383 2360 1446 "t"

150 241 135 1324 1645 1303 1623 1346 1670 "M"
180 61 111 1369 1655 1356 1638 1383 1671 "u"
42 66 217 1398 1647 1395 1624 1402 1670 "l"
228 58 246 1420 1649 1411 1628 1429 1671 "t"
243 85 51 1440 1648 1437 1624 1445 1671 "i"
190 120 120 1478 1653 1455 1638 1502 1672 "m"
137 255 73 1522 1654 1509 1638 1538 1672 "e"
218 97 214 1560 1651 1544 1626 1572 1671 "d"
84 153 215 1587 1649 1584 1626 1592 1671 "i"
65 104 137 1615 1656 1601 1639 1627 1672 "a"

207 185 133 1670 1652 1652 1627 1688 1672 "A"
126 51 106 1708 1654 1696 1640 1721 1672 "n"
74 115 92 1743 1657 1729 1639 1755 1673 "a"
39 144 221 1768 1650 1765 1628 1772 1672 "l"
211 141 127 1792 1660 1780 1641 1806 1686 "y"
254 155 157 1823 1657 1812 1640 1836 1673 "s"
23 92 105 1849 1651 1845 1627 1853 1673 "i"
195 163 155 1873 1657 1862 1640 1886 1674 "s"

82 77 234 1925 1658 1911 1641 1936 1674 "a"
64 159 169 1957 1656 1945 1641 1970 1674 "n"
170 64 129 1993 1654 1978 1629 2005 1674 "d"

63 100 233 2049 1651 2034 1629 2068 1674 "D"
139 72 252 2088 1659 2074 1642 2099 1675 "a"
106 213 64 2113 1653 2105 1633 2122 1675 "t"
218 102 91 2140 1659 2126 1642 2151 1675 "a"

68 191 51 2198 1651 2179 1631 2218 1675 "M"
27 90 103 2232 1655 2229 1631 2235 1675 "i"
181 38 250 2258 1658 2247 1644 2270 1675 "n"
225 161 130 2284 1654 2281 1631 2287 1675 "i"
234 40 183 2310 1658 2298 1644 2322 1675 "n"
26 55 148 2342 1665 2329 1643 2357 1689 "g"

#139 187 67 1090 486 1029 402 1164 568 " "

#200 77 18 1199 477 1129 406 1283 573 " "

#183 6 28 1280 514 1205 418 1370 584 " "

#179 222 71 1376 501 1310 423 1429 587 " "

#157 18 204 1087 1649 1051 1634 1123 1664 " "
