241 73 144 188 126 166 96 215 156 "B"
135 60 219 226 132 218 113 242 157 "r"
166 179 235 261 135 240 112 284 159 "e"
179 222 71 306 136 285 111 325 159 "a"
200 77 18 346 132 330 98 374 159 "k"

203 212 93 188 217 166 189 207 247 "g"
245 150 252 217 203 212 174 223 233 "l"
154 32 50 248 213 227 189 266 235 "a"
64 238 80 288 213 269 190 309 237 "s"
174 219 28 331 214 312 191 352 238 "s"

253 54 120 388 209 383 178 394 237 "i"
125 158 246 419 213 400 193 440 237 "n"

173 220 73 184 285 165 263 207 307 "c"
242 20 79 230 286 210 263 249 308 "a"
102 64 68 270 286 251 264 290 309 "s"
196 107 208 312 288 292 265 335 311 "e"

34 161 59 388 289 365 266 412 313 "o"
139 225 157 423 280 411 254 436 312 "f"

157 114 185 176 350 164 325 188 381 "f"
153 197 126 197 353 192 324 203 381 "i"
128 233 213 216 358 208 340 232 382 "r"
191 83 204 251 362 231 340 273 384 "e"
