142 220 45 64 242 52 226 75 259 "D"
239 131 102 86 242 80 226 94 259 "I"
97 73 87 107 243 98 225 117 262 "S"
143 105 255 129 241 122 224 141 260 "C"
240 29 230 156 244 146 227 167 261 "O"
74 79 132 181 240 169 228 193 261 "V"
215 2 119 207 245 197 228 216 262 "E"
44 57 232 234 244 222 228 247 264 "R"

201 203 83 281 243 271 228 293 262 "T"
51 30 18 308 245 297 227 321 265 "H"
12 158 116 336 246 326 230 346 263 "E"

212 213 244 381 246 371 229 392 263 "D"
164 212 159 406 249 394 229 417 266 "A"
53 126 89 432 247 421 231 443 268 "R"
34 50 207 460 249 448 232 473 269 "K"

207 204 244 508 249 499 231 517 267 "S"
45 144 211 529 248 521 232 537 266 "I"
143 211 72 552 248 540 232 563 266 "D"
217 230 117 576 250 566 234 587 267 "E"
