212 104 103 49 105 34 38 65 170 "Z"
74 74 247 98 96 76 26 122 163 "U"
104 87 208 164 87 138 20 193 154 "B"
205 201 194 241 79 211 13 275 148 "R"
37 121 106 320 79 287 8 355 151 "O"
149 154 29 414 76 360 9 464 150 "W"
161 108 217 500 82 477 16 534 150 "K"
78 94 102 562 93 543 24 584 156 "A"

156 48 225 70 668 55 604 88 729 "B"
113 217 254 104 672 97 610 112 733 "I"
165 226 159 140 676 120 613 161 738 "S"
101 71 180 192 678 168 615 217 743 "O"
70 42 56 252 680 226 617 279 744 "N"

130 169 137 371 675 343 612 395 745 "V"
99 194 120 427 674 402 608 453 740 "O"
109 41 218 482 667 460 604 504 732 "D"
224 98 62 528 662 510 596 552 726 "K"
52 18 150 572 654 558 590 591 716 "A"

166 57 191 583 528 576 504 586 555 "1"
94 137 63 599 528 597 502 606 551 "L"

#48 182 135 36 546 0 524 73 568 " "

#166 179 235 51 19 43 10 59 29 " "
