76 149 135 224 177 219 171 231 184 "D"
141 90 176 235 178 233 174 240 184 "r"
177 222 96 243 177 242 170 244 184 "i"
8 173 128 250 178 246 174 256 184 "v"
103 233 65 261 178 257 174 266 184 "e"
213 165 65 270 178 269 175 275 183 "r"
66 21 159 279 179 276 174 283 184 "s"

161 211 207 293 179 290 174 298 184 "s"
90 206 149 301 177 299 172 305 184 "t"
39 101 190 310 178 306 174 315 184 "o"
7 246 42 321 179 318 174 327 188 "p"

190 161 173 339 177 335 170 344 183 "h"
105 192 201 350 179 346 174 355 184 "e"
9 52 50 359 178 357 174 363 184 "r"
128 223 245 369 179 365 174 374 184 "e"

129 136 11 242 201 237 197 247 206 "a"
157 219 198 254 201 250 197 259 206 "n"
216 166 200 266 200 261 192 271 206 "d"

23 113 231 281 200 279 196 286 206 "r"
13 120 72 291 201 287 196 296 206 "e"
29 41 146 302 201 298 196 308 210 "p"
153 41 134 314 201 310 196 319 206 "o"
116 219 114 323 200 322 197 327 205 "r"
79 250 28 331 199 329 194 334 206 "t"

181 184 55 343 199 340 194 346 205 "t"
87 149 176 351 200 347 196 356 206 "o"

139 217 116 222 221 213 215 231 229 "W"
184 21 235 236 224 231 219 241 229 "a"
96 225 224 246 223 244 219 251 229 "r"
60 110 143 256 224 252 219 261 230 "e"
91 244 123 267 221 264 214 272 228 "h"
138 138 98 279 223 275 218 284 229 "o"
92 39 143 291 223 286 219 296 229 "u"
135 229 247 300 223 297 218 304 228 "s"
50 59 74 310 223 306 218 315 228 "e"

195 198 132 329 221 323 214 337 228 "O"
48 167 177 340 219 337 213 343 227 "f"
238 16 74 346 220 344 213 349 228 "f"
3 111 117 352 220 351 214 354 227 "i"
106 158 47 359 222 356 218 362 228 "c"
80 16 239 368 222 364 217 373 228 "e"
129 200 155 376 225 375 224 378 227 "."

#70 194 219 325 263 317 259 333 268 " "
