129 222 158 831 108 822 98 841 119 "e"
152 140 163 854 108 845 97 863 119 "s"
154 255 16 876 107 867 97 884 119 "s"
207 205 67 896 108 888 97 907 119 "e"
80 199 87 924 107 911 97 939 118 "n"
3 39 28 951 106 943 96 962 118 "c"
93 127 40 974 107 966 96 984 118 "e"

185 95 137 1017 106 1006 96 1029 118 "o"
78 52 73 1043 88 1028 44 1061 131 "f"

184 187 236 964 183 956 171 974 196 "c"
226 115 47 996 183 984 171 1008 196 "o"
125 126 81 1036 181 1019 170 1054 195 "m"
132 216 29 1076 184 1067 170 1090 204 "p"
107 80 190 1112 183 1102 171 1122 195 "u"
67 214 22 1141 179 1134 164 1150 194 "t"
25 131 33 1164 178 1161 161 1167 194 "i"
46 44 43 1190 181 1180 170 1201 194 "n"
14 249 139 1225 186 1213 170 1236 203 "g"

49 148 109 394 378 379 364 409 403 "T"
175 116 146 440 382 425 363 456 403 "H"
164 181 141 484 382 475 363 499 402 "E"

94 213 144 552 381 544 362 567 401 "E"
252 64 106 596 381 584 361 609 401 "S"
2 118 128 638 380 626 360 651 400 "S"
107 23 75 677 380 668 360 692 400 "E"
33 177 54 725 379 709 360 742 399 "N"
90 125 219 771 379 759 359 789 399 "C"
30 114 234 814 378 806 359 828 398 "E"

113 141 130 891 377 872 358 911 398 "O"
184 140 168 935 374 928 358 949 397 "F"

78 217 94 675 512 642 477 707 538 "A"
116 148 176 743 514 722 492 770 537 "R"
229 117 29 803 509 782 490 825 536 "T"
88 16 220 851 512 841 491 862 535 "I"
242 218 70 895 510 881 490 914 535 "F"
160 129 91 941 511 930 490 952 534 "I"
203 92 127 988 511 970 488 1012 535 "C"
233 54 29 1040 510 1029 489 1051 533 "I"
2 116 73 1092 513 1068 487 1115 533 "A"
247 11 26 1145 512 1131 488 1167 532 "L"

163 91 64 606 620 596 598 617 642 "I"
53 185 51 657 616 634 596 682 641 "N"
173 104 136 717 613 696 595 738 640 "T"
213 42 225 769 617 753 595 788 640 "E"
93 50 178 817 619 804 594 840 639 "L"
90 229 10 869 619 855 594 891 639 "L"
119 233 220 917 615 906 593 929 638 "I"
58 197 105 968 615 947 591 993 638 "G"
152 147 108 1025 614 1009 592 1044 637 "E"
235 87 13 1081 612 1058 591 1107 636 "N"
223 154 135 1140 612 1122 589 1164 636 "C"
178 104 4 1196 611 1180 590 1215 634 "E"
