200 77 18 2353 1317 2310 1245 2394 1384 "2"
139 187 67 2444 1310 2409 1248 2464 1385 "1"
3 31 166 2533 1318 2486 1247 2569 1388 "3"
9 125 90 2634 1314 2596 1269 2675 1384 "T"

108 225 132 1318 1305 1273 1233 1364 1375 "S"
82 174 214 1415 1335 1377 1278 1457 1410 "y"
241 73 144 1508 1325 1472 1277 1547 1375 "n"
233 187 241 1603 1328 1566 1278 1647 1378 "c"
166 179 235 1737 1307 1668 1239 1807 1378 "M"
135 60 219 1868 1331 1827 1280 1904 1380 "a"
153 62 12 1958 1332 1922 1282 1997 1382 "s"
13 94 36 2030 1319 2004 1259 2056 1381 "t"
183 6 28 2104 1332 2066 1283 2146 1383 "e"
179 222 71 2184 1327 2166 1285 2218 1382 "r"
