203 212 93 164 246 154 236 174 256 "B"
245 150 252 181 248 176 243 189 256 "r"
19 59 69 196 247 193 237 201 255 "i"
10 137 13 207 246 202 237 214 255 "t"
64 238 80 220 247 217 237 226 256 "i"
253 54 120 235 249 229 242 242 256 "s"
50 73 18 251 247 244 237 262 256 "h"

125 158 246 290 246 279 237 301 256 "R"
173 220 73 310 249 304 242 317 256 "e"
242 20 79 328 247 320 237 336 256 "d"

102 64 68 360 245 352 236 370 256 "C"
196 107 208 378 248 373 243 386 256 "r"
50 183 48 394 249 388 243 402 256 "o"
34 161 59 410 249 404 243 417 256 "s"
145 34 246 425 249 419 243 432 256 "s"

139 225 157 455 246 447 237 464 257 "S"
176 218 31 473 247 466 237 483 256 "h"
2 153 202 490 250 484 243 497 257 "o"
157 114 185 505 251 498 243 514 262 "p"

#127 36 208 178 412 159 410 197 414 " "

#92 49 68 178 425 160 423 197 427 " "

#218 24 179 175 460 160 458 198 463 " "

#225 9 48 214 416 201 413 227 419 " "

#117 52 97 243 418 235 417 252 422 " "

#154 80 119 235 473 224 470 247 476 " "

#203 169 192 244 407 231 401 257 413 " "

#195 217 154 235 460 221 457 250 464 " "

#73 61 251 407 412 395 409 420 415 " "

#91 170 149 517 122 508 118 527 127 " "

#11 19 104 443 433 434 431 452 436 " "

#125 190 202 443 424 434 421 452 427 " "

#253 27 65 409 466 398 456 423 479 " "

#104 79 184 398 361 384 348 410 376 " "

#168 153 106 178 418 160 415 197 421 " "
