201 234 178 111 297 88 261 139 333 "B"
191 83 204 164 296 148 261 189 333 "E"
191 214 103 222 300 192 261 253 333 "A"
126 214 20 277 293 247 261 309 333 "V"
142 220 45 333 296 317 260 360 332 "E"
143 105 255 390 295 368 260 421 333 "R"
209 205 97 454 298 430 264 481 334 "8"
240 29 230 511 301 486 264 536 336 "4"

74 79 132 98 374 86 360 112 397 "T"
215 2 119 124 378 116 360 137 397 "E"
44 57 232 148 382 142 360 163 398 "L"
51 30 18 172 385 168 373 178 398 ":"

12 158 116 212 379 200 360 226 398 "0"
212 213 244 242 379 232 361 252 397 "1"
164 212 159 271 379 258 360 283 397 "2"
53 126 89 299 379 287 358 312 397 "6"
34 50 207 327 378 315 359 341 397 "8"

207 204 244 374 377 364 360 385 398 "5"
45 144 211 404 377 390 359 415 397 "3"
143 211 72 431 376 419 358 444 396 "0"
217 230 117 459 376 447 358 472 395 "8"
229 42 29 487 376 474 358 500 395 "8"
21 5 123 514 375 502 357 528 394 "8"
