24 31 130 93 72 63 34 118 108 "4"
218 146 112 129 99 123 93 136 106 "."
206 84 100 166 68 144 33 191 106 "5"
62 133 177 212 67 196 33 221 104 "1"
248 21 105 258 68 230 30 283 105 "3"
4 106 70 314 68 290 33 343 104 "B"

14 115 150 743 49 731 33 753 64 "2"
212 104 103 770 50 759 35 783 66 "N"

74 74 247 284 223 258 193 318 253 "C"
104 87 208 348 231 324 210 373 253 "o"
22 250 118 415 229 380 210 451 252 "m"
173 17 187 478 234 458 210 506 266 "p"
136 36 174 533 234 512 212 555 254 "u"
82 254 121 575 226 561 199 589 254 "t"
67 37 219 601 227 595 197 608 254 "i"
96 197 245 635 231 614 212 657 255 "n"
11 206 40 689 241 663 213 712 271 "g"

151 61 89 352 322 324 292 380 353 "S"
89 138 39 409 330 386 309 434 352 "e"
208 45 118 450 327 441 310 468 351 "r"
205 201 194 494 329 472 311 518 352 "v"
73 212 104 528 324 522 295 535 351 "i"
37 121 106 562 332 541 311 587 354 "c"
64 97 8 617 332 594 311 642 354 "e"

59 177 20 154 606 43 439 263 778 "H"
17 165 106 367 608 283 440 488 781 "E"
140 193 40 564 650 509 441 698 782 "L"
11 169 214 796 583 708 444 920 783 "P"

140 151 135 117 1012 13 858 238 1167 "D"
149 154 29 336 1016 253 863 453 1174 "E"
181 194 134 579 1021 465 855 689 1185 "S"
167 154 168 797 1019 704 865 933 1174 "K"
