165 226 159 426 306 421 299 435 313 "C"
155 12 226 443 306 437 298 450 313 "A"
101 71 180 457 305 453 298 462 313 "S"
70 42 56 470 303 463 298 477 312 "T"
130 169 137 482 306 479 298 488 312 "L"
118 122 121 493 304 490 297 499 312 "E"

99 194 120 517 303 511 296 526 311 "C"
223 38 177 534 304 527 296 541 311 "A"
224 98 62 551 302 544 295 559 311 "M"
166 57 191 566 301 563 295 572 311 "P"
94 137 63 579 302 575 295 585 310 "B"
14 109 241 590 302 587 295 596 310 "E"
40 108 227 602 303 600 295 608 310 "L"
32 30 161 614 303 611 294 621 310 "L"

#205 153 20 81 177 73 164 92 191 " "
