65 63 3 82 211 71 195 97 226 "A"
15 132 7 107 215 99 204 119 226 "c"
97 40 27 131 215 122 204 143 226 "c"
231 197 201 156 214 146 203 167 225 "o"
70 142 44 186 212 171 203 202 225 "m"
220 8 54 222 212 207 203 238 224 "m"
141 168 243 253 212 243 202 264 224 "o"
242 190 254 280 210 268 191 289 224 "d"
255 113 235 304 213 294 201 314 224 "a"
59 208 160 321 208 316 195 327 223 "t"
120 135 126 333 208 332 191 335 223 "i"
190 130 190 350 212 340 201 361 223 "o"
70 194 219 375 210 367 201 384 222 "n"

140 43 65 420 205 404 189 436 222 "O"
127 48 250 446 203 441 190 453 221 "f"
167 240 112 458 203 453 189 465 221 "f"
50 134 84 469 207 467 189 472 221 "i"
11 19 104 485 210 476 199 496 221 "c"
138 137 159 509 209 500 199 520 221 "e"

253 27 65 90 277 77 263 104 292 "N"
104 79 184 110 279 107 263 114 292 "i"
123 114 246 128 286 117 272 138 301 "g"
205 153 20 149 278 141 263 160 292 "h"
240 13 211 168 278 162 266 174 292 "t"
180 58 68 179 276 176 262 182 291 "l"
94 16 161 188 278 186 262 191 291 "i"
3 236 76 204 280 195 271 214 291 "n"
230 115 76 227 280 218 271 237 291 "e"
