173 170 14 21 80 6 61 37 100 "E"
176 213 207 56 80 43 60 72 101 "S"
255 39 202 90 78 76 61 109 101 "P"
20 157 216 128 84 106 61 150 101 "A"
121 244 77 174 80 153 61 198 102 "N"
193 156 124 224 82 202 61 246 103 "O"
140 205 248 263 85 251 62 283 103 "L"
35 32 135 294 87 285 84 304 91 "-"
166 184 100 315 83 306 63 325 103 "I"
76 149 135 350 82 329 63 374 104 "N"
141 90 176 397 84 377 63 421 104 "G"
153 45 78 438 86 426 64 458 104 "L"
177 61 231 476 83 461 64 493 104 "E"
177 222 96 511 84 498 64 527 105 "S"

8 173 128 13 138 2 118 24 158 "I"
103 233 65 48 138 25 119 72 159 "N"
24 228 159 95 140 75 119 118 161 "G"
254 38 0 135 142 124 120 155 160 "L"
47 147 4 174 140 160 120 191 161 "E"
115 143 179 211 140 196 119 227 162 "S"
67 64 83 239 145 230 143 249 149 "-"
126 175 138 266 140 251 121 284 161 "E"
161 211 207 303 141 288 120 319 163 "S"
90 206 149 338 139 323 122 357 162 "P"
7 246 42 376 145 354 122 398 162 "A"
190 161 173 422 141 400 122 445 163 "N"
180 166 101 471 142 450 122 494 163 "O"
105 192 201 510 144 497 123 530 162 "L"

#78 44 2 43 207 14 181 72 235 " "

#151 10 182 90 205 63 178 118 233 " "

#159 121 194 132 205 97 176 161 236 " "

#112 124 121 175 202 154 179 197 225 " "

#63 128 140 233 206 202 182 265 237 " "

#71 77 224 301 206 277 184 327 233 " "

#116 95 10 355 208 319 185 393 232 " "

#13 94 36 175 55 163 50 187 60 " "

#183 6 28 478 56 469 50 487 63 " "

#179 222 71 422 115 410 111 434 120 " "

#200 77 18 178 112 170 106 186 119 " "
