181 184 55 249 478 229 451 269 505 "G"
87 149 176 293 478 273 451 315 505 "E"
128 223 245 341 478 320 451 363 506 "O"
141 109 108 391 478 367 451 416 507 "R"
139 217 116 441 480 419 452 463 508 "G"
17 101 67 487 480 467 453 509 508 "E"

246 165 8 556 481 534 454 578 509 "O"
247 189 121 605 482 582 454 631 510 "R"
184 21 235 667 481 632 455 704 510 "W"
96 225 224 725 482 705 455 747 510 "E"
60 110 143 768 486 752 455 793 510 "L"
91 244 123 811 486 795 455 836 510 "L"

13 120 72 941 482 917 454 965 508 "A"
29 41 146 996 480 969 454 1024 508 "N"
153 41 134 1040 479 1030 453 1052 507 "I"
116 219 114 1093 479 1058 452 1129 507 "M"
23 113 231 1156 481 1132 452 1182 507 "A"
208 84 249 1201 482 1185 451 1227 506 "L"

216 166 200 1270 473 1253 449 1295 505 "F"
129 136 11 1319 477 1294 448 1345 504 "A"
107 97 56 1372 474 1348 447 1401 503 "R"
98 18 104 1444 471 1406 443 1482 502 "M"
