233 246 138 76 247 46 224 107 271 "M"
40 41 67 117 246 110 223 125 269 "I"
129 200 155 150 245 129 223 173 268 "D"
80 16 239 199 244 179 222 222 267 "D"
106 158 47 237 248 229 222 259 267 "L"
3 111 117 278 243 267 220 297 266 "E"
238 16 74 319 243 304 221 336 265 "B"
48 167 177 362 240 343 218 383 264 "O"
195 198 132 404 239 388 219 427 263 "R"
64 97 155 449 239 430 217 469 262 "O"
50 59 74 492 239 477 218 515 261 "U"
135 229 247 534 238 517 216 556 260 "G"
92 39 143 576 238 555 217 599 259 "H"
