108 225 132 266 195 252 178 281 214 "N"
82 174 214 300 200 287 186 314 214 "o"

241 73 144 345 200 332 186 357 214 "a"
233 187 241 375 197 360 177 386 213 "d"
157 114 185 411 197 393 185 431 212 "m"
128 44 73 441 195 438 176 445 212 "i"
153 197 126 456 195 449 178 464 212 "t"
128 233 213 472 194 465 178 479 212 "t"
201 234 178 495 198 482 184 507 212 "a"
191 83 204 524 196 513 184 536 211 "n"
191 214 103 552 197 541 183 565 212 "c"
126 214 20 580 197 569 183 594 211 "e"

215 2 119 308 254 291 235 325 271 "A"
240 29 230 340 258 328 244 352 271 "u"
74 79 132 363 253 356 237 371 270 "t"
114 114 22 385 253 375 234 399 270 "h"
156 157 30 417 256 404 242 431 270 "o"
209 205 97 442 253 437 242 452 269 "r"
143 105 255 459 251 456 233 463 269 "i"
97 73 87 480 256 468 242 493 270 "s"
239 131 102 508 255 496 242 521 269 "e"
142 220 45 539 252 525 233 551 269 "d"

44 57 232 258 317 248 301 274 339 "P"
201 203 83 289 314 277 301 302 328 "e"
51 30 18 312 312 307 301 322 328 "r"
12 158 116 336 314 325 301 349 328 "s"
212 213 244 366 314 353 300 380 328 "o"
164 212 159 396 313 385 300 409 327 "n"
53 126 89 426 312 415 300 439 327 "n"
34 50 207 456 313 444 300 469 328 "e"
207 204 244 477 309 474 291 481 327 "l"

45 144 211 514 313 501 299 528 327 "o"
143 211 72 544 311 533 299 557 326 "n"
217 230 117 566 308 563 290 570 326 "l"
229 42 29 586 315 574 299 600 337 "y"
