135 129 120 246 76 238 69 255 89 "T"
95 14 68 263 81 256 74 272 89 "o"
212 0 80 287 80 275 74 299 88 "w"
190 141 97 310 80 304 74 318 88 "n"

21 5 123 343 78 334 68 354 89 "C"
51 59 7 365 80 343 67 374 89 "e"
24 31 130 386 80 379 74 394 88 "n"
218 146 112 402 78 397 68 409 89 "t"
206 84 100 417 79 414 74 423 88 "r"
62 133 177 433 81 426 74 441 89 "e"

248 21 105 59 158 49 147 71 170 "C"
4 106 70 77 159 74 148 81 169 "l"
14 115 150 94 162 86 154 101 169 "a"
47 22 217 112 161 106 154 120 169 "c"
212 104 103 131 158 126 148 137 169 "t"
74 74 247 149 160 141 153 157 169 "o"
104 87 208 169 159 162 153 177 168 "n"

173 17 187 232 156 227 146 235 168 "1"
136 36 174 250 156 240 146 258 168 "3"
82 254 121 273 156 263 145 282 168 "3"

149 154 29 410 232 406 218 422 241 "L"
225 155 193 433 232 425 224 442 242 "o"
233 126 192 454 231 446 224 463 241 "n"
167 154 168 477 231 467 218 485 241 "d"
181 194 134 497 232 489 224 506 242 "o"
154 191 84 517 232 510 224 527 241 "n"

35 217 231 417 264 407 252 430 277 "C"
144 85 209 441 265 435 252 451 276 "h"
209 40 56 463 268 456 259 472 277 "e"
161 108 217 479 264 476 252 485 276 "l"
78 94 102 502 266 489 259 516 276 "m"
156 48 225 528 267 521 259 536 276 "s"
113 217 254 545 262 539 252 551 276 "f"
165 226 159 563 267 555 258 572 277 "o"
155 12 226 579 265 576 258 586 276 "r"
101 71 180 599 265 589 252 607 276 "d"

67 37 219 43 229 41 218 47 241 "I"
244 60 229 57 234 49 225 67 247 "p"
216 211 69 79 233 72 224 87 242 "s"
11 206 40 103 232 91 224 117 241 "w"
96 197 245 123 230 121 218 126 241 "i"
151 61 89 136 233 130 225 145 241 "c"
89 138 39 157 230 151 218 167 241 "h"

208 45 118 49 265 38 253 60 276 "G"
205 201 194 69 264 64 253 75 276 "t"
73 212 104 81 274 80 273 83 276 "."

37 121 106 111 262 102 253 122 276 "Y"
64 97 8 130 269 122 260 138 277 "a"
59 177 20 146 266 143 260 154 276 "r"
17 165 106 170 266 157 259 184 276 "m"
140 193 40 196 267 188 259 205 277 "o"
11 169 214 218 269 210 260 226 277 "u"
140 151 135 236 265 231 253 242 277 "t"
21 241 47 254 265 248 253 264 276 "h"

70 42 56 38 348 27 336 50 361 "H"
130 169 137 64 352 55 343 72 362 "a"
118 122 121 81 350 78 343 89 361 "r"
99 194 120 106 351 93 343 121 361 "w"
223 38 177 127 349 125 336 130 361 "i"
109 41 218 142 352 135 343 151 362 "c"
224 98 62 163 349 157 336 173 361 "h"

94 16 161 201 158 190 146 212 169 "A"

3 236 76 84 110 83 105 89 115 "L"
230 115 76 94 111 91 107 99 115 "e"
49 180 5 102 109 101 104 103 115 "i"
173 170 14 107 111 105 107 111 115 "s"
176 213 207 116 111 113 107 120 115 "u"
255 39 202 123 110 122 107 127 115 "r"
20 157 216 132 110 128 107 136 115 "e"

121 244 77 153 108 147 104 161 114 "W"
66 89 39 165 110 162 106 170 115 "o"
193 156 124 173 109 172 106 177 114 "r"
140 205 248 180 108 179 103 183 114 "l"
35 32 135 189 109 185 103 193 115 "d"

166 184 100 85 127 82 122 90 134 "R"
76 149 135 95 129 92 125 100 134 "o"
141 90 176 103 127 102 122 105 133 "l"
153 45 78 109 127 108 122 111 133 "l"
177 61 231 116 128 113 125 120 133 "e"
177 222 96 124 128 123 125 127 133 "r"
8 173 128 135 128 130 125 141 133 "w"
103 233 65 146 128 143 124 151 133 "o"
213 165 65 154 128 153 125 157 133 "r"
24 228 159 161 127 160 121 163 133 "l"
66 21 159 169 127 165 121 173 133 "d"

39 101 190 34 398 29 381 43 415 "("
90 206 149 60 399 48 385 71 412 "A"
161 211 207 86 398 81 385 90 412 "1"
213 111 202 105 399 95 385 115 412 "2"
126 175 138 130 398 120 384 141 413 "0"
254 38 0 156 398 149 381 161 416 ")"

7 246 42 38 307 34 291 47 324 "("
190 161 173 62 306 51 293 73 318 "A"
180 166 101 89 304 84 293 93 318 "1"
105 192 201 107 305 98 292 117 318 "2"
9 52 50 129 308 121 291 135 325 ")"

216 166 200 413 307 408 291 421 325 "("
107 97 56 439 307 429 293 451 318 "A"
98 18 104 466 304 461 293 470 318 "1"
208 84 249 485 305 476 292 494 318 "2"
157 219 198 506 307 500 291 512 324 ")"
