#179 222 71 384 58 345 25 424 92 " "

#3 31 166 810 50 791 18 829 83 " "

241 73 144 98 54 77 9 119 96 "3"
233 187 241 143 53 126 9 164 94 "6"

135 60 219 207 58 191 26 224 91 "x"

153 62 12 267 51 247 7 288 92 "8"
13 94 36 315 49 295 8 334 91 "9"

139 187 67 843 37 837 0 849 81 "l"
200 77 18 877 47 860 15 893 83 "s"

176 213 207 212 506 176 438 248 577 "s"
255 39 202 302 507 268 440 340 577 "e"
20 157 216 370 490 357 405 384 574 "l"
121 244 77 418 482 398 403 437 574 "f"
66 89 39 475 499 457 489 493 509 "-"
193 156 124 552 508 512 437 586 576 "a"
140 205 248 644 497 606 402 678 575 "d"
35 32 135 731 492 697 402 770 573 "h"
166 184 100 824 504 790 435 863 575 "e"
76 149 135 917 503 882 434 954 573 "s"
141 90 176 986 493 975 399 998 571 "i"
153 45 78 1054 500 1018 435 1093 571 "v"
177 61 231 1145 500 1110 431 1184 572 "e"

177 222 96 226 719 188 650 261 783 "a"
8 173 128 315 707 277 616 350 783 "d"
103 233 65 405 707 367 616 440 782 "d"
213 165 65 484 701 456 649 527 781 "r"
24 228 159 581 714 547 649 619 782 "e"
66 21 159 672 715 638 649 709 782 "s"
254 38 0 763 715 728 647 799 783 "s"

33 209 76 886 696 875 613 898 780 "l"
47 147 4 956 716 917 646 989 781 "a"
115 143 179 1041 703 1008 611 1081 780 "b"
67 64 83 1133 711 1098 644 1172 780 "e"
126 175 138 1202 693 1189 610 1216 778 "l"
213 111 202 1268 710 1232 642 1306 779 "s"

161 211 207 239 924 204 857 270 981 "2"
90 206 149 315 920 282 858 347 984 "5"
39 101 190 392 920 361 856 424 983 "0"

7 246 42 513 934 479 886 549 983 "o"
190 161 173 599 929 563 887 632 981 "n"

180 166 101 723 937 687 886 753 983 "a"

105 192 201 828 925 810 887 859 980 "r"
9 52 50 901 934 865 885 938 983 "o"
1 77 44 966 917 949 852 982 980 "l"
86 23 143 1004 916 988 852 1021 979 "l"
