245 150 252 33 40 27 13 43 71 "f"
203 212 93 45 46 39 30 56 69 "r"
3 31 166 68 46 56 26 83 70 "e"
139 187 67 97 46 84 23 109 69 "s"
200 77 18 130 38 114 6 149 67 "h"

13 120 72 36 217 25 186 49 249 "s"
29 41 146 71 220 51 189 94 254 "e"
153 41 134 139 221 100 190 179 258 "m"
116 219 114 199 215 189 168 209 259 "i"

181 184 55 267 227 246 191 289 263 "s"
87 149 176 317 219 298 166 350 262 "k"
128 223 245 365 218 356 169 376 262 "i"
141 109 108 426 225 385 194 470 261 "m"
17 101 67 515 224 481 194 553 259 "m"
246 165 8 572 223 559 194 588 254 "e"
184 21 235 598 216 591 171 605 249 "d"

#96 225 224 117 173 3 92 229 278 " "

#60 110 143 306 126 275 0 340 278 " "

#91 244 123 422 122 390 0 453 278 " "

#135 229 247 537 139 500 0 605 278 " "
