176 218 31 139 229 122 204 155 254 "D"
128 44 73 169 229 157 208 182 250 "O"
126 214 20 193 231 183 208 211 249 "L"
114 114 22 222 231 211 208 240 248 "L"
215 2 119 257 230 240 207 272 248 "A"
51 30 18 288 226 274 207 303 247 "R"

212 213 244 329 231 316 207 343 254 "G"
34 50 207 357 227 346 209 368 247 "O"
43 247 192 378 229 369 209 392 246 "L"
24 31 130 405 223 395 208 422 246 "F"

47 22 217 444 223 433 199 460 249 "C"
136 36 174 471 225 461 205 486 243 "L"
248 21 105 502 224 486 205 519 242 "U"
4 106 70 533 222 520 204 546 241 "B"

#80 16 239 98 112 88 85 109 143 " "
