21 241 47 1498 2003 1350 1880 1638 2129 "w"
149 154 29 1834 2003 1684 1881 1968 2128 "w"
225 155 193 2164 2003 2016 1882 2295 2128 "w"
233 126 192 2369 2093 2337 2059 2401 2128 "."
167 154 168 2530 1976 2437 1776 2637 2134 "b"
181 194 134 2797 1969 2680 1806 2912 2128 "4"
154 191 84 3026 1997 2915 1886 3111 2128 "v"
35 217 231 3251 2013 3158 1880 3340 2134 "a"
144 85 209 3413 1952 3366 1777 3462 2126 "l"
209 40 56 3609 2012 3501 1880 3711 2130 "u"

#164 205 108 406 772 0 0 988 1328 " "

#49 72 129 1944 696 1264 0 2576 1376 " "

#161 108 217 3814 1996 3736 1864 3887 2136 " "

#34 50 207 3248 353 3073 0 3424 707 " "
