50 59 74 84 402 78 395 90 410 "N"
78 52 73 98 404 94 399 104 410 "o"

80 16 239 115 401 112 395 119 410 "f"
152 2 222 125 404 121 399 130 410 "o"
13 178 66 137 404 133 399 143 410 "o"
233 246 138 148 403 145 396 152 410 "t"
161 71 158 161 404 154 400 169 410 "w"
164 205 108 175 404 171 399 180 410 "a"
49 72 129 186 406 183 400 192 414 "y"

129 222 158 77 422 74 416 81 432 "f"
152 140 163 86 426 82 421 92 432 "o"
154 255 16 97 424 95 421 101 431 "r"

207 205 67 116 424 109 417 122 432 "4"
80 199 87 131 424 126 417 136 432 "5"
189 191 89 145 424 139 417 151 432 "0"

3 39 28 164 427 160 421 169 435 "y"
93 127 40 176 425 171 417 181 432 "d"
185 95 137 188 426 184 421 192 432 "s"
