14 249 139 98 143 81 120 116 165 "S"
240 188 220 135 148 121 132 151 166 "e"
61 14 202 169 149 155 132 185 166 "a"
49 148 109 195 144 187 124 204 166 "t"
175 116 146 215 146 209 133 227 165 "r"
164 181 141 245 150 230 133 260 167 "a"
94 213 144 281 147 264 123 295 167 "d"
252 64 106 315 149 301 133 331 167 "e"

2 118 128 371 144 354 123 389 167 "H"
107 23 75 412 151 396 134 428 168 "o"
33 177 54 447 153 433 136 462 169 "u"
90 125 219 481 152 467 135 496 169 "s"
30 114 234 513 152 499 135 530 170 "e"

188 198 164 87 230 78 218 97 243 "S"
47 214 93 107 233 100 225 116 243 "e"
89 168 215 127 234 119 224 136 243 "a"
132 128 78 141 231 137 220 146 243 "t"
248 43 217 152 232 149 225 159 243 "r"
237 184 55 169 234 161 225 178 243 "a"
187 174 141 189 232 180 219 197 243 "d"
160 122 213 208 233 201 225 217 243 "e"

250 78 92 239 231 230 219 251 244 "C"
252 33 159 263 234 254 225 272 244 "o"
176 129 142 288 233 276 225 300 244 "m"
133 54 60 316 234 305 225 329 244 "m"
238 191 125 341 235 334 226 349 244 "u"
133 228 177 361 234 354 226 369 244 "n"
7 18 233 375 233 374 221 377 244 "i"
163 226 102 388 235 381 226 397 245 "c"
93 50 178 407 236 400 226 416 245 "a"
90 229 10 421 233 417 222 426 245 "t"
119 233 220 432 233 430 221 434 245 "i"
181 235 93 445 236 438 227 454 245 "o"
58 197 105 465 235 459 227 473 245 "n"
152 147 108 484 236 477 227 492 245 "s"

235 87 13 509 237 506 225 518 245 "L"
178 104 4 523 235 520 226 527 245 "t"
230 213 162 537 236 530 225 543 245 "d"

191 237 103 208 350 201 341 216 361 "R"
70 242 251 225 353 219 346 232 361 "e"
122 246 126 241 356 235 346 248 367 "g"
85 237 216 253 352 252 342 255 361 "i"
202 18 151 264 353 258 346 270 361 "s"
182 2 87 275 351 272 343 279 361 "t"
110 8 108 287 353 282 346 294 361 "e"
224 176 63 300 352 298 347 305 361 "r"
155 28 58 313 353 307 347 320 361 "e"
95 58 223 330 352 323 342 336 361 "d"

186 221 64 356 351 348 341 366 361 "O"
27 228 185 371 350 368 342 375 361 "f"
97 166 192 380 350 377 342 383 361 "f"
196 66 10 387 352 386 342 389 361 "i"
120 188 200 398 353 393 346 404 361 "c"
119 74 43 413 353 408 347 420 361 "e"
