108 225 132 316 311 306 298 329 325 "W"
82 174 214 335 314 326 300 343 326 "A"
241 73 144 350 312 345 300 358 326 "R"
233 187 241 367 313 361 301 375 327 "N"
166 179 235 379 314 378 302 381 327 "I"
135 60 219 391 315 384 302 398 328 "N"
153 62 12 407 316 400 303 415 328 "G"
13 94 36 423 315 422 304 425 328 "!"

174 219 28 170 352 168 341 175 363 "L"
154 32 50 181 352 176 342 188 363 "O"
64 238 80 196 352 189 342 206 364 "W"

253 54 120 215 352 213 343 220 365 "F"
50 73 18 223 355 222 344 228 365 "L"
125 158 246 231 353 228 344 237 366 "Y"
173 220 73 240 354 238 344 242 366 "I"
242 20 79 248 355 243 344 255 366 "N"
102 64 68 261 356 256 345 267 367 "G"

176 218 31 280 357 274 346 285 367 "A"
2 153 202 292 356 288 346 298 368 "N"
157 114 185 304 357 300 347 310 368 "D"

156 157 30 412 361 407 350 417 371 "A"
114 114 22 420 361 419 351 421 371 "I"
240 29 230 426 360 423 351 431 371 "R"
74 79 132 436 361 433 351 441 372 "C"
215 2 119 446 361 443 351 451 372 "R"
44 57 232 457 363 453 352 463 372 "A"
201 203 83 467 360 465 352 472 372 "F"
51 30 18 476 360 473 352 479 372 "T"

53 126 89 184 386 180 376 189 398 "B"
143 211 72 192 387 191 376 197 398 "L"
217 230 117 205 388 199 376 211 399 "A"
43 247 192 216 387 213 377 220 399 "S"
135 129 120 226 385 222 377 231 399 "T"

206 84 100 285 389 281 379 291 401 "C"
62 133 177 297 391 292 379 303 401 "A"
248 21 105 308 391 304 379 313 401 "U"
4 106 70 318 390 315 380 322 401 "S"
14 115 150 327 390 325 380 331 401 "E"

74 74 247 344 389 341 381 349 402 "P"
104 87 208 355 391 351 381 360 402 "H"
22 250 118 366 389 362 381 372 402 "Y"
173 17 187 376 392 373 382 380 403 "S"
136 36 174 383 392 382 382 384 403 "I"
82 254 121 390 391 386 382 396 403 "C"
67 37 219 401 393 396 382 407 403 "A"
244 60 229 410 393 409 382 415 403 "L"

216 211 69 423 393 422 383 424 403 "I"
11 206 40 431 393 427 383 436 403 "N"
96 197 245 438 395 436 383 440 408 "J"
151 61 89 446 393 442 383 451 404 "U"
89 138 39 456 393 453 383 461 404 "R"
208 45 118 465 392 461 383 470 404 "Y"

190 141 97 242 388 238 378 249 400 "C"
24 31 130 255 390 249 378 260 400 "A"
218 146 112 268 388 263 378 274 400 "N"

201 234 178 321 358 317 347 326 369 "D"
191 83 204 330 358 328 348 335 369 "E"
191 214 103 339 356 336 348 345 369 "P"
126 214 20 349 360 343 349 354 370 "A"
142 220 45 359 359 356 349 365 370 "R"
239 131 102 369 357 366 349 373 370 "T"
97 73 87 376 359 375 349 377 370 "I"
143 105 255 383 360 379 349 389 371 "N"
209 205 97 395 360 391 350 401 371 "G"

#184 187 236 233 141 214 138 255 144 " "

#226 115 47 387 133 377 131 398 136 " "

#229 60 96 441 123 429 112 454 137 " "

#78 52 73 319 54 311 44 328 65 " "
