34 50 207 90 250 59 229 123 274 "W"
207 204 244 153 250 135 229 173 273 "H"
45 144 211 206 252 184 227 226 272 "A"
143 211 72 244 242 227 227 261 271 "T"
217 230 117 279 247 272 226 295 270 "E"
201 203 83 322 245 304 225 344 269 "V"
51 30 18 362 246 355 225 377 268 "E"
12 158 116 403 245 391 225 421 267 "R"

212 213 244 463 238 447 223 479 266 "T"
164 212 159 507 243 490 223 525 265 "H"
53 126 89 546 243 539 222 561 264 "E"

191 83 204 117 336 63 298 175 377 "W"
191 214 103 203 335 189 297 231 374 "E"
126 214 20 277 338 240 295 311 373 "A"
142 220 45 337 321 308 294 366 370 "T"
239 131 102 409 330 377 292 443 369 "H"
97 73 87 476 327 463 290 503 365 "E"
143 105 255 538 324 517 289 569 363 "R"

245 150 252 84 158 61 115 109 202 "S"
10 137 13 163 160 131 116 203 201 "U"
253 54 120 272 158 225 113 320 199 "M"
139 187 67 386 158 339 113 431 197 "M"
255 0 0 468 155 454 115 496 195 "E"
233 187 241 537 153 516 115 571 194 "R"

#132 216 29 579 4 521 0 634 10 " "
