108 225 132 159 128 140 90 184 176 "P"
82 174 214 203 141 190 96 224 177 "L"
241 73 144 248 137 231 94 269 175 "E"
153 62 12 296 140 273 95 323 177 "A"
166 179 235 349 136 330 98 369 175 "S"
135 60 219 392 140 375 97 413 179 "E"

13 94 36 158 236 135 195 183 277 "D"
183 6 28 209 236 188 195 232 276 "O"

50 183 48 289 242 262 203 316 281 "N"
200 77 18 342 239 322 198 365 279 "O"
139 187 67 392 237 372 206 414 282 "T"

3 31 166 134 337 112 294 160 377 "D"
31 37 56 175 340 165 299 187 380 "I"
128 44 73 212 338 193 301 232 377 "S"
245 150 252 258 336 238 304 279 381 "T"
19 59 69 307 343 286 305 329 381 "U"
10 137 13 355 342 335 307 378 382 "R"
191 83 204 407 346 386 305 432 386 "B"

64 238 80 187 450 187 449 188 451 "."
253 54 120 192 450 192 449 193 451 "."
50 73 18 198 450 198 449 199 451 "."
125 158 246 204 444 203 437 205 452 "I"
173 220 73 214 444 209 437 220 452 "M"

242 20 79 232 444 229 437 237 452 "R"
102 64 68 242 446 241 439 246 453 "E"
196 107 208 252 445 249 438 256 453 "C"
34 161 59 263 445 260 437 268 453 "O"
145 34 246 275 445 271 439 280 454 "V"
139 225 157 286 446 284 440 290 454 "E"
176 218 31 296 446 293 439 300 454 "R"
201 234 178 305 447 304 440 306 455 "I"
126 214 20 315 447 311 440 319 455 "N"
2 153 202 327 447 323 439 332 455 "G"
157 114 185 336 446 335 440 337 455 "!"
153 197 126 342 446 341 440 343 455 "!"
