143 211 72 168 156 160 143 181 175 "P"
217 230 117 199 158 189 143 214 175 "R"
37 121 106 235 158 217 141 254 175 "O"
43 247 192 267 155 261 142 279 174 "F"
135 129 120 293 157 287 142 304 174 "E"
95 14 68 320 157 311 141 331 174 "S"
190 141 97 346 158 337 141 357 174 "S"
64 97 8 368 157 364 141 373 174 "I"
59 177 20 397 157 379 141 415 174 "O"
89 138 39 434 156 421 141 449 173 "N"
205 201 194 468 159 454 141 482 173 "A"
73 212 104 491 159 487 142 504 173 "L"

173 17 187 56 270 23 221 82 322 "J"
136 36 174 117 270 88 239 150 299 "a"
82 254 121 179 261 145 239 218 297 "v"
67 37 219 249 268 220 237 282 297 "a"

244 60 229 350 255 322 215 378 296 "S"
216 211 69 426 254 384 214 470 294 "O"
11 206 40 512 259 471 213 549 291 "A"
17 165 106 581 247 550 215 618 290 "P"

140 193 40 252 429 243 419 262 441 "H"
11 169 214 272 432 266 425 280 441 "e"
140 151 135 290 431 284 425 297 440 "n"
21 241 47 304 431 302 425 310 440 "r"
149 154 29 317 433 312 424 325 449 "y"

225 155 193 345 428 339 417 353 439 "B"
233 126 192 362 430 356 423 370 439 "e"
167 154 168 381 432 373 422 387 446 "q"
181 194 134 398 430 392 422 405 437 "u"
154 191 84 414 428 408 421 422 437 "e"
35 217 231 427 426 424 417 433 436 "t"

#64 238 80 55 454 54 452 57 457 " "

#253 54 120 71 454 59 452 83 457 " "

#50 73 18 39 454 27 452 52 457 " "

203 212 93 39 444 31 440 48 449 "w"
245 150 252 52 444 49 441 58 449 "r"
19 59 69 64 445 59 441 70 449 "o"
10 137 13 75 444 70 441 80 449 "x"
