224 98 62 709 1407 651 1322 769 1477 "U"
52 18 150 841 1417 797 1368 885 1479 "n"
166 57 191 929 1411 902 1340 955 1481 "t"
94 137 63 1013 1429 966 1372 1065 1486 "e"
14 109 241 1103 1419 1085 1375 1146 1484 "r"
40 108 227 1194 1433 1149 1376 1238 1490 "s"
32 30 161 1296 1436 1255 1380 1345 1493 "c"
194 203 29 1401 1423 1362 1344 1451 1495 "h"
65 63 3 1496 1429 1480 1388 1537 1496 "r"
15 132 7 1556 1430 1545 1350 1569 1499 "i"
101 5 20 1610 1416 1582 1351 1645 1502 "f"
97 40 27 1664 1433 1644 1365 1688 1503 "t"

231 197 201 1818 1439 1751 1360 1885 1511 "A"
70 142 44 1920 1445 1903 1402 1963 1512 "r"
220 8 54 2008 1462 1967 1404 2059 1520 "c"
141 168 243 2114 1448 2077 1369 2162 1522 "h"
242 190 254 2201 1454 2191 1374 2214 1524 "i"
255 113 235 2253 1457 2228 1385 2278 1527 "t"
59 208 160 2337 1474 2290 1418 2388 1533 "e"
140 6 117 2441 1467 2411 1382 2499 1536 "k"
120 135 126 2533 1468 2509 1397 2559 1539 "t"

#78 94 102 1858 535 1842 506 1875 564 " "

156 48 225 1953 469 1896 384 1995 535 "d"
113 217 254 2061 482 2013 425 2114 539 "e"
165 226 159 2179 477 2136 427 2224 538 "n"

155 12 226 2359 470 2302 391 2407 543 "2"
101 71 180 2477 470 2426 393 2526 548 "9"
70 42 56 2561 538 2549 526 2575 550 "."
130 169 137 2653 475 2603 398 2703 553 "0"
118 122 121 2775 480 2714 402 2821 553 "4"
99 194 120 2860 545 2848 534 2873 557 "."
223 38 177 2951 482 2899 405 3003 560 "0"
109 41 218 3074 484 3021 408 3125 564 "9"

140 193 40 552 418 505 344 629 495 "K"
11 169 214 690 446 637 387 734 501 "a"
140 151 135 769 430 760 349 780 502 "i"
21 241 47 846 450 801 391 892 507 "s"
149 154 29 955 452 907 395 1008 509 "e"
225 155 193 1047 441 1029 398 1089 508 "r"
233 126 192 1138 457 1094 399 1185 514 "s"
167 154 168 1214 438 1204 362 1226 516 "l"
181 194 134 1298 463 1244 404 1343 519 "a"
154 191 84 1414 472 1368 411 1458 522 "u"
35 217 231 1500 452 1476 378 1526 524 "t"
144 85 209 1584 469 1537 413 1637 527 "e"
209 40 56 1676 459 1659 415 1720 526 "r"
161 108 217 1772 466 1728 418 1818 529 "n"
