130 169 137 205 150 190 130 229 180 "P"
118 122 121 238 155 234 130 244 180 "l"
99 194 120 267 161 250 142 286 181 "e"
223 38 177 308 161 290 142 326 181 "a"
109 41 218 346 161 329 142 364 181 "s"
224 98 62 385 160 368 142 404 181 "e"

52 18 150 236 229 231 205 241 253 "l"
166 57 191 265 234 246 217 284 253 "o"
94 137 63 304 234 289 216 323 253 "c"
14 109 241 340 231 328 205 362 252 "k"

40 108 227 181 300 171 279 192 322 "t"
32 30 161 211 300 196 277 230 322 "h"
194 203 29 250 304 234 287 268 323 "e"

65 63 3 309 310 291 287 326 335 "g"
15 132 7 348 304 331 287 364 322 "a"
101 5 20 376 299 366 278 387 321 "t"
97 40 27 403 303 387 286 421 321 "e"
