177 159 62 160 90 129 74 191 112 "W"
29 217 198 205 97 186 75 225 114 "A"
252 134 138 238 97 229 75 257 113 "L"
36 115 204 270 97 260 75 290 113 "L"
131 129 80 310 98 292 75 330 114 "A"
113 180 178 343 94 330 75 362 113 "C"
140 189 163 376 95 365 77 390 113 "E"

117 139 59 134 610 107 589 162 629 "M"
237 41 91 176 606 158 588 195 627 "O"
178 149 13 212 606 192 588 229 626 "N"
174 101 239 251 607 233 589 266 628 "U"
231 223 68 293 609 268 588 320 627 "M"
209 15 28 331 607 321 589 344 626 "E"
117 5 123 369 606 347 589 385 627 "N"
9 118 168 406 602 390 589 423 625 "T"
