31 37 56 210 84 179 51 241 118 "S"
179 222 71 270 89 231 52 298 119 "A"
241 73 144 335 86 293 37 378 135 "N"
183 6 28 399 80 374 54 439 119 "Y"
13 94 36 456 86 424 54 490 120 "O"

203 212 93 203 348 182 329 229 377 "P"
245 150 252 251 354 228 331 279 378 "R"
19 59 69 305 354 276 330 336 379 "O"
10 137 13 359 367 347 356 370 378 "x"
164 212 159 380 363 374 349 388 378 "t"
154 32 50 399 365 392 355 409 378 "r"
64 238 80 420 367 410 355 431 378 "a"
212 213 244 453 358 435 340 473 378 "X"

242 20 79 194 393 186 387 203 400 "M"
102 64 68 214 394 207 387 221 401 "U"
196 107 208 227 395 225 387 235 401 "L"
50 183 48 240 392 234 388 246 401 "T"
34 161 59 251 394 250 388 253 401 "I"
145 34 246 266 394 257 388 275 401 "M"
139 225 157 282 394 279 389 289 401 "E"
176 218 31 299 395 294 389 307 401 "D"
2 153 202 312 395 311 389 314 401 "I"
157 114 185 324 395 317 388 331 402 "A"

191 83 204 344 393 340 388 351 402 "P"
191 214 103 359 394 354 388 366 402 "R"
126 214 20 375 395 368 388 383 402 "O"
215 2 119 391 397 386 389 395 402 "J"
239 131 102 402 394 399 389 409 401 "E"
97 73 87 417 394 412 388 424 402 "C"
143 105 255 433 392 428 388 440 401 "T"
209 205 97 448 394 441 387 456 402 "O"
156 157 30 464 393 459 387 471 401 "R"
