128 233 213 1776 1320 1756 1294 1796 1351 "V"
64 238 80 1812 1329 1796 1307 1829 1353 "e"
191 214 103 1840 1326 1835 1308 1853 1351 "r"
179 222 71 1874 1326 1861 1294 1892 1352 "b"
126 214 20 1914 1330 1900 1306 1928 1352 "a"
173 220 73 1950 1326 1937 1307 1966 1351 "n"
142 220 45 1992 1326 1974 1294 2006 1351 "d"
239 131 102 2028 1328 2015 1306 2043 1351 "s"
209 205 97 2057 1324 2048 1298 2065 1350 "t"
156 157 30 2088 1328 2071 1306 2105 1351 "o"
114 114 22 2118 1320 2109 1294 2129 1350 "f"
201 234 178 2139 1318 2130 1294 2148 1349 "f"
139 225 157 2168 1329 2152 1306 2185 1353 "e"

153 197 126 1557 1327 1536 1299 1579 1355 "H"
174 219 28 1609 1326 1593 1299 1632 1354 "E"
176 218 31 1660 1321 1645 1300 1685 1353 "P"
203 212 93 1713 1320 1697 1297 1737 1354 "P"
