2 212 100 73 251 13 207 146 308 "W"
202 246 65 194 256 135 207 252 307 "H"
91 160 201 295 259 261 206 332 310 "S"
59 202 13 393 276 336 243 456 309 "m"
149 115 103 476 267 458 206 496 309 "i"
94 252 13 514 272 496 228 539 312 "t"
145 175 240 573 267 539 207 619 309 "h"

156 188 231 115 458 109 452 121 465 "S"
194 213 148 126 460 122 457 131 464 "u"
208 6 153 140 459 132 455 149 464 "m"
22 6 48 157 459 150 455 166 463 "m"
63 188 231 170 459 167 455 175 463 "e"
61 1 238 177 458 176 455 180 462 "r"

#215 17 39 188 390 185 384 192 397 " "

#135 79 209 359 452 349 438 370 467 " "

#5 241 222 509 453 500 440 519 467 " "

#154 32 50 409 417 405 410 413 424 " "

#7 125 90 562 417 559 411 566 424 " "

#50 73 18 409 427 402 426 417 428 " "

#253 54 120 460 428 453 427 468 429 " "

#125 158 246 403 435 398 433 410 439 " "

#173 220 73 454 436 449 434 460 439 " "

#64 238 80 506 435 485 433 528 438 " "

#174 219 28 208 404 192 402 225 406 " "

#19 59 69 211 409 199 409 224 410 " "

#10 137 13 212 422 189 420 235 425 " "

#31 37 56 209 438 187 438 231 438 " "

#203 212 93 211 440 189 440 233 441 " "

#245 150 252 210 443 186 443 234 444 " "

#135 60 219 184 451 183 450 186 452 " "

#153 62 12 192 451 189 451 195 452 " "

#13 94 36 199 452 197 451 202 453 " "

#183 6 28 209 452 205 451 213 453 " "

#179 222 71 220 452 218 452 223 453 " "

#200 77 18 231 452 226 452 237 453 " "

#82 174 214 200 474 193 473 208 475 " "

#241 73 144 219 474 212 473 227 476 " "

#9 125 90 146 475 113 471 179 479 " "

#22 160 76 470 444 457 440 483 448 " "

#101 138 13 413 442 406 438 420 447 " "

#139 187 67 210 435 185 435 235 436 " "

#108 225 132 121 392 28 375 570 448 " "

#233 187 241 208 462 191 458 227 467 " "
