45 144 211 83 129 40 66 137 184 "A"
143 211 72 198 123 147 64 252 185 "R"
217 230 117 313 122 267 62 363 184 "E"
229 42 29 432 121 381 63 486 183 "N"
43 247 192 544 127 494 63 592 182 "A"

95 14 68 82 243 59 215 110 271 "C"
212 0 80 141 243 114 215 168 272 "O"
190 141 97 187 251 174 217 215 273 "L"
21 5 123 241 244 217 215 269 274 "C"
51 59 7 298 244 275 217 322 272 "H"
24 31 130 348 244 331 217 373 272 "E"
218 146 112 404 244 380 215 428 273 "S"
206 84 100 453 235 431 216 477 271 "T"
62 133 177 498 242 479 215 523 270 "E"
248 21 105 550 239 529 215 575 269 "R"

4 106 70 77 352 69 335 89 367 "A"
14 115 150 93 345 84 334 102 365 "T"

47 22 217 127 343 118 332 136 364 "T"
59 177 20 149 346 140 330 158 363 "H"
74 74 247 168 345 162 329 179 362 "E"

104 87 208 208 342 199 326 218 360 "H"
17 165 106 229 341 222 325 239 358 "E"
173 17 187 252 341 242 323 263 357 "A"
136 36 174 274 336 266 322 285 355 "R"
140 193 40 297 331 288 319 307 353 "T"

244 60 229 336 333 325 315 349 351 "O"
11 206 40 358 327 351 313 370 348 "F"

233 126 192 396 322 387 309 407 345 "T"
151 61 89 418 324 407 307 429 343 "H"
89 138 39 439 322 431 304 451 340 "E"

208 45 118 478 312 470 300 490 335 "T"
205 201 194 499 315 488 297 512 334 "O"
149 154 29 526 311 514 294 544 330 "W"
37 121 106 554 309 543 291 566 327 "N"
64 97 8 573 305 569 290 578 324 "!"
