154 191 84 128 193 94 156 158 230 "S"
35 217 231 180 194 164 158 199 228 "t"
144 85 209 232 203 207 176 257 228 "a"
209 40 56 280 194 263 158 299 228 "t"
161 108 217 314 193 307 157 323 227 "i"
78 94 102 356 202 332 176 381 229 "o"
156 48 225 415 201 393 178 439 228 "n"

113 217 254 89 305 67 278 116 333 "c"
165 226 159 148 306 123 277 174 333 "a"
155 12 226 197 299 187 278 217 331 "r"

101 71 180 272 308 251 277 303 348 "p"
70 42 56 338 305 313 277 363 332 "a"
130 169 137 385 299 375 278 404 330 "r"
118 122 121 434 298 416 258 464 329 "k"
