52 18 150 232 199 187 146 288 256 "C"
166 57 191 343 208 298 146 402 253 "L"
94 137 63 471 196 414 142 529 251 "O"
14 109 241 589 193 544 141 644 251 "C"
40 108 227 715 195 655 140 789 248 "K"

32 30 161 151 351 70 294 231 408 "M"
194 203 29 302 346 242 294 370 408 "U"
65 63 3 428 347 381 288 479 404 "S"
15 132 7 547 344 489 289 603 401 "E"
101 5 20 675 339 612 288 739 401 "U"
97 40 27 832 341 751 286 913 397 "M"

70 142 44 88 512 52 478 127 560 "T"
220 8 54 176 511 133 477 223 560 "Y"
141 168 243 286 516 228 475 343 558 "M"
59 208 160 385 507 350 473 428 555 "P"
140 6 117 470 511 429 470 511 553 "E"
208 77 115 558 511 516 470 603 552 "R"
190 130 190 640 515 607 468 684 549 "L"
140 43 65 729 506 687 465 770 548 "E"
127 48 250 818 496 772 464 863 545 "Y"
50 134 84 901 504 867 462 938 546 "S"

#175 116 146 976 181 911 122 1023 239 " "

#164 181 141 749 22 719 0 775 50 " "

#94 213 144 997 716 951 638 1023 767 " "

#252 64 106 11 744 0 698 34 767 " "

#2 118 128 29 208 0 186 70 257 " "

#107 23 75 209 29 149 0 273 85 " "
