178 58 68 1247 848 1200 794 1306 913 "R"
83 102 166 1366 853 1327 796 1426 911 "E"
203 11 51 1490 854 1442 794 1541 914 "S"
92 16 161 1600 853 1561 795 1660 912 "E"
1 236 76 1725 847 1677 792 1784 913 "R"
228 115 76 1845 844 1789 784 1899 910 "V"
47 180 5 1958 843 1917 781 2018 904 "E"
171 170 14 2084 837 2034 777 2143 900 "D"

178 166 101 2237 819 2205 768 2293 895 "F"
1 39 202 2370 824 2308 761 2432 888 "O"
20 157 216 2500 813 2449 755 2561 883 "R"

139 90 176 1220 1037 1172 982 1280 1103 "R"
66 89 39 1340 1042 1301 983 1401 1101 "E"
193 156 124 1476 1045 1415 982 1538 1104 "G"
140 205 248 1614 1047 1560 982 1668 1105 "U"
35 32 135 1721 1057 1694 982 1786 1102 "L"
166 184 100 1849 1046 1793 979 1910 1104 "A"
74 149 135 1973 1033 1924 977 2033 1101 "R"

151 45 78 2149 1030 2094 967 2205 1095 "H"
177 61 231 2243 1027 2228 965 2259 1090 "I"
175 222 96 2352 1020 2270 957 2429 1087 "W"
6 173 128 2462 1017 2447 955 2479 1081 "I"
101 233 65 2549 1014 2500 950 2602 1078 "S"

113 143 179 1484 1418 1428 1372 1538 1502 "T"
45 147 4 1588 1439 1550 1370 1637 1500 "h"
64 21 159 1704 1452 1657 1403 1750 1499 "a"
0 38 0 1808 1445 1766 1402 1853 1497 "n"
67 64 83 1908 1439 1875 1369 1961 1496 "k"

124 175 138 2055 1460 2012 1398 2101 1530 "y"
211 111 202 2158 1442 2111 1395 2207 1490 "o"
5 246 42 2268 1441 2222 1389 2313 1485 "u"
37 101 190 2349 1411 2333 1353 2367 1482 "!"

#125 190 202 596 312 528 169 741 415 " "

#7 246 42 171 100 83 85 257 117 " "

#247 189 121 155 124 85 111 223 139 " "

#233 246 138 175 152 86 137 255 171 " "

#20 182 43 154 176 88 161 221 190 " "

#224 98 62 220 500 140 486 299 515 " "

#141 168 243 234 529 170 516 299 543 " "

#253 27 65 235 561 172 548 297 575 " "

#9 125 90 487 180 454 169 520 192 " "

#143 105 255 478 218 472 206 484 230 " "

#142 220 45 584 1893 560 1879 606 1910 " "

#239 131 102 845 1890 814 1877 877 1904 " "

#43 247 192 1080 1885 1065 1870 1104 1900 " "

#229 42 29 1334 1879 1316 1865 1355 1897 " "

#53 126 89 1586 1871 1575 1864 1600 1887 " "

#34 50 207 1838 1876 1822 1861 1854 1890 " "

#207 204 244 2093 1874 2074 1855 2111 1889 " "

#45 144 211 2325 1866 2321 1853 2328 1882 " "

#143 211 72 2595 1864 2574 1847 2619 1881 " "

#209 205 97 602 2012 581 2000 618 2023 " "

#173 104 136 865 2007 848 1989 883 2026 " "

#190 141 97 1125 2004 1105 1988 1152 2020 " "

#229 117 29 1380 1995 1370 1984 1399 2013 " "

#163 91 64 1657 1995 1639 1979 1678 2012 " "

#2 116 73 1911 1990 1891 1974 1932 2008 " "

#247 11 26 2173 1996 2156 1979 2184 2007 " "

#35 38 169 2423 1982 2410 1967 2445 2000 " "

#95 14 68 2684 1986 2672 1966 2707 1997 " "

#144 85 209 3210 1980 3191 1964 3232 1993 " "

#240 29 230 693 2136 673 2122 716 2160 " "

#156 157 30 971 2133 956 2117 991 2150 " "

#191 250 175 1239 2130 1217 2107 1268 2153 " "

#242 218 70 1519 2124 1497 2109 1542 2142 " "

#53 185 51 1784 2120 1769 2104 1804 2137 " "

#160 129 91 2059 2119 2042 2100 2077 2136 " "

#51 30 18 2332 2111 2311 2095 2354 2127 " "

#245 150 252 46 81 20 70 70 92 " "

#19 59 69 46 115 23 101 72 128 " "

#10 137 13 53 142 26 127 79 154 " "

#174 219 28 50 177 29 164 75 190 " "

#154 32 50 48 201 30 188 65 213 " "

#64 238 80 48 224 33 211 64 237 " "

#253 54 120 48 248 36 234 63 261 " "

#102 64 68 48 310 42 301 55 319 " "

#196 107 208 57 337 45 324 69 351 " "

#173 220 73 71 376 48 362 94 390 " "

#125 158 246 78 449 53 432 104 463 " "

#118 122 121 137 199 91 189 180 213 " "

#139 225 157 147 230 89 216 204 241 " "

#176 218 31 183 257 91 242 276 270 " "

#2 153 202 183 280 92 261 277 295 " "

#128 44 73 160 305 94 288 224 318 " "

#153 197 126 228 363 208 359 249 367 " "

#50 183 48 141 413 117 404 164 424 " "

#34 161 59 233 421 196 409 272 432 " "

#82 174 214 412 146 399 131 427 163 " "

#241 73 144 444 113 421 98 469 130 " "

#233 187 241 477 101 473 96 482 107 " "

#166 179 235 498 99 484 91 511 109 " "

#135 60 219 522 109 513 101 533 118 " "

#153 62 12 551 135 532 114 567 158 " "

#13 94 36 547 185 533 139 557 228 " "

#183 6 28 528 239 518 229 539 250 " "

#179 222 71 503 250 494 243 513 257 " "

#200 77 18 448 233 418 197 489 260 " "

#139 187 67 421 179 414 165 429 192 " "

#3 31 166 430 153 422 147 438 162 " "

#24 31 130 485 153 454 146 516 161 " "

#21 5 123 496 218 488 207 505 229 " "

#206 84 100 300 1718 270 1711 328 1725 " "

#104 87 208 524 1712 503 1708 544 1717 " "

#173 17 187 768 1707 745 1701 791 1714 " "

#136 36 174 1006 1704 985 1700 1028 1710 " "

#82 254 121 1242 1700 1222 1695 1263 1706 " "

#67 37 219 1476 1702 1450 1697 1502 1708 " "

#244 60 229 1712 1698 1689 1694 1736 1703 " "

#216 211 69 1950 1694 1930 1687 1970 1701 " "

#11 206 40 2187 1690 2166 1684 2208 1697 " "

#96 197 245 2417 1688 2395 1684 2442 1693 " "

#151 61 89 2661 1685 2628 1679 2696 1692 " "

#89 138 39 2888 1682 2854 1675 2921 1690 " "

#208 45 118 3124 1679 3090 1673 3159 1686 " "

#4 106 70 3382 1685 3328 1673 3433 1698 " "

#47 22 217 3610 1674 3572 1668 3649 1681 " "

#212 104 103 3837 1671 3804 1666 3869 1678 " "

#73 212 104 487 1781 482 1774 494 1789 " "

#0 128 0 471 1821 465 1813 479 1830 " "

#64 97 8 740 1777 729 1771 753 1783 " "

#37 121 106 726 1816 712 1809 740 1824 " "

#59 177 20 983 1778 967 1767 999 1789 " "

#17 165 106 977 1809 962 1800 991 1818 " "

#11 169 214 1222 1773 1210 1765 1234 1783 " "

#140 151 135 1218 1805 1208 1800 1228 1812 " "

#149 154 29 1470 1768 1456 1758 1485 1778 " "

#233 126 192 1465 1805 1449 1798 1483 1814 " "

#167 154 168 1712 1765 1698 1756 1725 1775 " "

#181 194 134 1709 1800 1696 1793 1722 1808 " "

#154 191 84 1952 1762 1942 1754 1965 1771 " "

#130 169 137 1955 1797 1946 1789 1965 1806 " "

#61 14 202 2187 1759 2184 1752 2191 1766 " "

#49 148 109 2195 1794 2185 1788 2206 1800 " "

#175 116 146 2429 1757 2426 1749 2433 1767 " "

#164 181 141 2442 1792 2430 1785 2455 1799 " "

#94 213 144 2673 1754 2662 1751 2685 1758 " "

#252 64 106 2682 1788 2671 1781 2696 1796 " "

#2 118 128 2911 1749 2898 1741 2922 1759 " "

#107 23 75 2924 1785 2906 1775 2941 1796 " "

#78 94 102 3325 1854 3318 1850 3331 1861 " "

#113 217 254 3346 1895 3340 1889 3354 1903 " "

#165 226 159 3458 1967 3453 1963 3464 1974 " "

#101 71 180 3481 2011 3470 2005 3493 2019 " "

#209 40 56 417 2137 409 2131 429 2146 " "

#161 108 217 395 2184 382 2176 411 2193 " "

#213 42 225 2594 2111 2586 2098 2602 2126 " "

#93 50 178 2861 2099 2852 2083 2871 2115 " "

#90 229 10 3136 2092 3116 2086 3158 2098 " "

#217 230 117 2830 1858 2817 1847 2849 1879 " "

#233 54 29 3087 1867 3063 1848 3106 1880 " "

#70 42 56 2956 1984 2933 1968 2981 2002 " "

#121 114 246 629 292 600 227 670 352 " "

#203 153 20 683 285 663 218 712 342 " "

#240 13 211 724 280 704 209 744 334 " "

#103 192 201 215 582 132 567 298 598 " "

#103 192 201 215 582 132 567 298 598 " "

#157 114 185 3784 686 3681 644 3887 728 " "
