181 184 55 136 232 123 214 158 262 "T"
246 165 8 146 239 135 222 159 254 "h"
17 101 67 159 245 151 236 169 253 "e"

247 189 121 186 238 176 218 197 264 "S"
184 21 235 220 242 203 219 238 261 "A"
96 225 224 268 240 254 222 289 263 "D"

60 110 143 327 238 314 216 341 265 "S"
91 244 123 363 242 347 219 382 261 "A"
138 138 98 407 239 391 219 423 264 "C"
92 39 143 447 243 434 222 468 265 "K"

135 229 247 486 245 474 227 507 265 "C"
255 128 0 498 247 492 240 506 253 "a"
0 255 0 510 249 500 232 524 269 "f"
255 0 255 522 247 515 240 530 255 "e"

#80 16 239 630 266 623 252 639 280 " "

#233 246 138 630 356 622 353 639 359 " "

#80 199 87 634 364 629 361 639 367 " "

#3 39 28 633 371 628 369 639 374 " "

#13 120 72 9 234 0 225 20 245 " "

#23 113 231 7 256 0 242 19 273 " "

#82 174 214 530 235 526 232 534 238 " "
