13 178 66 146 94 120 53 185 157 "P"
20 182 43 221 101 190 52 256 156 "R"
184 187 236 295 102 259 49 332 157 "O"
132 216 29 364 92 337 50 406 155 "P"
0 0 255 435 102 412 50 472 155 "E"
240 188 220 509 99 478 49 546 155 "R"

61 14 202 148 232 121 166 198 320 "F"
49 148 109 259 243 205 163 313 325 "O"
175 116 146 376 245 321 164 431 327 "O"
164 181 141 491 244 441 165 549 324 "D"

252 64 106 145 368 122 329 181 424 "P"
2 118 128 215 377 186 330 248 428 "R"
163 91 64 285 379 252 329 320 430 "O"
173 104 136 363 380 327 332 400 430 "N"
93 50 178 440 370 407 333 474 431 "T"
58 197 105 510 382 476 331 546 434 "O"
