128 255 255 27 219 0 178 72 266 "v"
0 64 128 112 219 77 176 153 267 "e"

141 95 119 259 204 211 139 281 267 "J"
4 212 169 346 222 300 172 383 267 "a"
187 174 141 438 215 400 172 492 267 "v"
96 28 115 544 222 496 171 582 267 "a"

41 83 69 10 335 2 304 35 361 "L"
234 13 204 59 342 39 320 76 363 "a"
248 43 217 101 341 82 321 121 364 "n"
250 78 92 147 353 125 321 171 387 "g"
252 33 159 193 344 173 322 213 366 "u"
238 191 125 240 346 218 322 258 367 "a"
7 18 233 286 355 264 323 311 390 "g"
163 226 102 330 345 312 323 351 369 "e"

50 6 144 405 341 378 307 434 370 "G"
4 244 185 464 348 443 325 486 370 "u"
1 30 224 502 339 495 303 510 370 "i"
67 248 116 542 342 518 304 560 371 "d"
28 83 8 586 347 568 325 608 371 "e"

62 55 181 11 438 3 417 25 454 "b"
114 14 55 35 444 26 431 47 467 "y"

70 242 251 72 441 59 422 88 458 "G"
9 38 204 103 446 92 433 115 459 "u"
85 237 216 126 448 117 434 140 472 "y"

202 18 151 164 443 152 425 176 461 "S"
182 2 87 184 445 176 427 194 463 "t"
110 8 108 204 449 194 437 216 463 "e"
224 176 63 228 450 218 437 240 464 "e"
155 28 58 247 445 243 426 251 464 "l"
95 58 223 264 451 254 439 277 465 "e"

207 32 202 593 153 586 147 601 165 "T"
47 214 93 610 156 602 147 619 165 "M"
