203 212 93 13 164 3 147 24 179 "A"
245 150 252 41 160 32 146 52 179 "R"
10 137 13 66 161 60 145 79 179 "E"
174 219 28 97 160 87 143 108 179 "N"
64 238 80 126 162 114 142 138 178 "A"

253 54 120 171 164 166 143 187 177 "L"
50 73 18 201 158 194 142 214 177 "E"
173 220 73 226 159 225 142 228 177 "I"
242 20 79 248 158 239 141 259 177 "S"
102 64 68 279 160 268 141 290 177 "U"
196 107 208 310 156 299 140 323 176 "R"
50 183 48 337 157 331 140 351 175 "E"

34 161 59 393 156 383 139 404 175 "S"
145 34 246 420 157 413 139 435 175 "E"
139 225 157 455 154 445 138 469 174 "R"
176 218 31 487 154 475 138 500 174 "V"
2 153 202 512 155 510 137 514 174 "I"
157 114 185 534 155 524 137 547 174 "C"
128 44 73 562 155 555 137 577 173 "E"
153 197 126 597 155 587 137 608 173 "S"

128 233 213 207 239 203 217 223 252 "L"
201 234 178 234 234 232 217 236 252 "I"
191 83 204 261 234 247 215 275 253 "M"
191 214 103 287 234 286 216 289 252 "I"
142 220 45 311 229 299 217 323 252 "T"
239 131 102 337 234 330 217 351 252 "E"
97 73 87 371 233 361 216 384 252 "D"

143 105 255 132 309 123 294 144 328 "R"
209 205 97 157 315 151 304 164 329 "e"
156 157 30 177 319 170 299 187 337 "g"
114 114 22 196 313 195 294 198 329 "i"
240 29 230 211 316 205 304 218 329 "s"
74 79 132 229 313 223 296 236 330 "t"
215 2 119 248 316 242 304 256 330 "e"
44 57 232 266 313 262 303 275 330 "r"
201 203 83 288 316 281 304 296 330 "e"
51 30 18 309 314 301 293 315 331 "d"

12 158 116 356 311 345 293 369 332 "O"
212 213 244 383 308 376 294 392 331 "f"
164 212 159 405 308 398 294 414 331 "f"
53 126 89 423 314 422 295 425 331 "i"
34 50 207 439 318 433 305 448 332 "c"
207 204 244 460 317 453 305 468 332 "e"
