208 84 249 75 254 55 226 94 282 "S"
7 246 42 107 257 97 232 120 282 "t"
190 161 173 140 263 121 243 161 283 "a"
180 166 101 173 257 162 232 186 283 "t"
105 192 201 197 256 187 226 207 282 "i"
23 113 231 231 262 211 243 253 283 "o"
13 120 72 278 263 256 243 301 283 "n"
255 128 255 322 262 305 243 343 284 "e"
157 219 198 361 260 347 243 381 283 "r"
216 166 200 404 266 385 243 428 300 "y"

129 136 11 471 255 448 227 496 283 "B"
79 250 28 521 263 500 243 544 284 "o"
116 219 114 567 264 545 245 590 283 "x"

#17 101 67 91 441 88 439 95 444 " "

#0 0 255 138 435 134 432 143 439 " "

#129 222 158 319 461 310 459 329 463 " "

#106 158 47 402 463 390 460 414 466 " "

#96 197 245 59 457 50 455 69 460 " "

#151 61 89 55 442 33 440 80 445 " "

#89 138 39 45 434 33 430 57 439 " "

#73 212 104 94 436 84 436 104 438 " "

#37 121 106 84 439 83 439 87 440 " "

#64 97 8 130 432 128 432 132 433 " "

#59 177 20 159 437 156 434 163 442 " "

#17 165 106 145 462 137 461 156 463 " "

#140 151 135 142 456 136 455 149 457 " "

#21 241 47 160 458 159 457 162 459 " "

#149 154 29 323 468 302 466 346 471 " "

#225 155 193 401 470 378 468 425 473 " "

#233 126 192 590 439 578 434 601 447 " "

#167 154 168 624 466 621 465 628 468 " "

#181 194 134 146 438 143 436 150 440 " "

#118 122 121 97 444 96 443 99 445 " "

#99 194 120 95 457 90 457 100 458 " "

#223 38 177 69 434 60 433 79 436 " "

#140 193 40 221 444 219 440 224 448 " "

#195 198 132 314 452 299 448 330 456 " "

#184 21 235 403 453 378 449 428 458 " "

#173 220 73 591 452 589 449 593 455 " "
