58 50 123 676 256 652 232 702 281 "O"
65 144 191 726 252 711 230 749 280 "P"
46 239 7 770 255 754 230 789 280 "E"
113 163 106 813 254 797 230 835 279 "R"
61 199 176 868 256 842 229 895 279 "A"
204 117 254 914 249 895 230 933 278 "T"
24 171 3 949 252 942 229 956 277 "I"
164 58 24 992 253 966 229 1019 278 "N"
255 0 128 1049 254 1025 229 1071 277 "G"

93 9 20 742 318 730 294 754 342 "S"
211 217 247 787 315 762 294 812 343 "Y"
33 147 244 827 317 814 292 840 341 "S"
207 42 232 868 311 848 291 887 341 "T"
222 111 16 910 317 895 292 929 341 "E"
255 255 128 972 318 936 291 1007 341 "M"

133 220 117 809 439 808 434 814 447 "F"
205 11 30 818 441 818 433 819 447 "i"
113 240 216 825 438 823 433 829 447 "f"
149 196 65 833 441 831 435 836 448 "t"
181 47 135 843 440 840 432 848 447 "h"

64 0 128 861 439 859 433 866 447 "E"
255 128 0 875 440 870 432 879 447 "d"
216 5 18 884 440 883 432 885 447 "i"
190 128 69 891 440 888 434 894 447 "t"
137 77 144 898 440 897 432 899 446 "i"
17 212 206 907 441 902 436 913 447 "o"
255 128 255 920 440 916 436 925 446 "n"

146 19 86 738 891 730 874 747 908 "S"
118 121 166 759 890 755 874 765 907 "I"
167 194 33 780 893 772 874 795 907 "L"
68 71 141 813 889 801 873 827 906 "B"
25 52 125 841 889 831 872 855 906 "E"
16 130 190 871 888 860 872 886 906 "R"
208 172 7 900 887 892 870 909 905 "S"
169 35 33 926 887 916 870 939 904 "C"
51 128 36 961 887 947 870 976 904 "H"
67 146 53 1001 887 983 869 1019 903 "A"
119 181 4 1037 881 1024 868 1050 902 "T"
3 87 176 1074 884 1058 867 1091 902 "Z"

73 9 136 824 936 807 918 840 951 "G"
188 111 109 865 935 847 917 883 951 "A"
177 229 140 897 936 890 917 912 951 "L"
107 160 53 934 932 916 916 953 950 "V"
84 96 22 964 931 959 915 969 949 "I"
206 138 190 996 932 977 915 1015 949 "N"

#95 8 118 699 379 680 358 718 400 " "

144 3 29 753 382 729 358 778 407 "O"
237 187 250 814 382 786 358 841 407 "N"
223 110 233 864 380 847 355 882 406 "C"
145 224 115 903 381 888 355 923 406 "E"
21 199 42 944 378 930 355 968 405 "P"
130 250 152 992 375 973 355 1010 404 "T"
255 0 255 1031 380 1017 358 1043 400 "S"
