248 63 209 185 320 171 291 201 351 "O"
2 236 197 216 319 205 292 230 350 "R"
239 92 197 248 321 236 293 263 350 "D"
105 229 101 278 321 268 293 292 350 "E"
226 156 175 309 319 298 293 322 350 "R"

48 105 148 359 315 344 293 373 349 "Y"
175 131 246 389 321 375 292 404 351 "O"
65 149 99 421 321 408 293 434 351 "U"
218 88 161 450 320 439 294 465 349 "R"

208 25 158 140 154 128 119 153 191 "I"
105 254 161 211 155 167 120 256 191 "S"
4 250 212 309 159 268 120 351 193 "U"
191 237 103 406 157 363 122 449 193 "Z"
233 187 241 502 161 462 123 542 195 "U"
