0 190 75 95 208 74 169 129 247 "C"
135 47 86 154 221 134 195 177 249 "o"
84 106 132 201 220 178 196 224 248 "n"
108 95 54 249 222 231 195 267 248 "s"
197 60 218 286 218 270 183 302 249 "t"
243 5 61 331 225 309 197 358 249 "a"
215 14 202 382 221 357 196 406 250 "n"
182 57 190 421 219 406 184 439 250 "t"
110 107 157 452 219 443 182 461 250 "i"
48 182 135 489 222 466 198 512 250 "n"
169 144 19 535 223 516 198 555 249 "e"

40 146 229 222 293 193 255 256 335 "R"
43 73 169 279 308 257 281 301 336 "o"
202 81 49 330 308 309 281 353 336 "o"
206 101 28 394 306 355 280 434 336 "m"
