38 183 132 288 239 274 223 303 257 "N"
120 162 182 320 244 308 231 333 257 "o"

209 2 216 369 243 351 232 388 257 "m"
19 175 238 405 245 393 232 418 258 "o"
89 186 33 433 243 423 224 448 259 "b"
198 222 41 455 241 452 224 459 258 "i"
168 153 106 467 241 464 224 471 258 "l"
71 244 207 486 245 475 233 500 259 "e"

224 192 18 314 300 304 286 329 319 "p"
32 145 52 343 295 333 277 356 311 "h"
98 199 110 373 299 360 286 386 312 "o"
132 61 79 401 298 390 286 413 312 "n"
168 160 238 429 299 417 287 442 313 "e"
34 12 105 456 300 445 287 468 313 "s"
