40 63 24 96 160 69 133 123 187 "N"
203 169 192 150 168 130 149 171 189 "e"
217 255 1 196 168 176 149 217 189 "e"
100 228 189 247 164 222 131 265 189 "d"

139 51 184 317 169 295 150 338 190 "a"

195 217 154 390 162 371 135 413 189 "B"
6 142 64 431 167 421 151 450 190 "r"
116 55 97 472 171 452 151 493 191 "o"
32 131 50 507 162 500 133 514 191 "l"
131 175 12 530 162 523 134 537 191 "l"
162 35 253 559 176 541 154 581 208 "y"
92 49 68 603 158 584 135 620 193 "?"

218 24 179 81 257 67 252 97 263 "-"

116 95 10 138 255 114 221 157 285 "J"
67 154 42 173 264 153 243 194 284 "u"
108 220 148 212 264 193 243 232 285 "s"
157 90 181 247 256 234 227 264 285 "t"

159 121 194 309 256 280 223 331 286 "A"
63 128 140 345 266 326 245 366 287 "s"
71 77 224 382 260 364 227 404 287 "k"
151 10 182 417 262 405 237 429 288 "!"
