110 189 72 137 218 122 194 157 245 "R"
194 241 222 170 219 157 194 187 245 "E"
14 195 161 203 219 190 192 218 246 "S"
199 181 73 233 218 222 193 249 244 "E"
62 188 128 267 217 253 193 285 244 "R"
226 11 194 302 215 284 192 321 243 "V"
183 206 185 334 216 324 191 349 242 "E"
179 17 177 370 216 355 191 389 242 "D"

105 100 118 423 211 413 190 440 240 "F"
205 8 163 458 213 441 188 476 240 "O"
28 40 21 491 211 477 188 507 238 "R"

90 233 235 117 299 104 275 136 323 "C"
183 191 184 146 303 136 276 164 322 "L"
92 218 85 178 299 162 276 194 323 "U"
96 234 19 211 298 197 275 227 322 "B"

149 89 62 264 298 252 274 278 322 "S"
86 34 45 293 297 283 274 308 320 "E"
128 109 175 323 296 310 272 340 320 "C"
131 229 210 358 294 345 273 373 319 "R"
233 69 87 388 294 378 272 403 317 "E"
236 196 160 418 288 407 271 432 316 "T"
250 15 103 445 294 426 270 461 316 "A"
143 59 2 478 290 464 269 494 314 "R"
209 185 249 510 285 497 267 529 312 "Y"
