216 107 139 87 168 35 120 140 218 "H"
139 176 217 176 170 145 120 208 220 "S"
78 214 8 254 171 212 123 293 219 "B"
129 209 50 335 170 302 124 390 222 "C"

157 33 14 55 268 39 256 70 293 "T"
190 139 191 85 276 75 257 99 294 "h"
4 57 211 118 281 106 267 131 295 "e"

255 255 0 173 281 151 269 195 295 "w"
71 125 104 212 283 199 269 226 297 "o"
54 29 186 237 280 233 270 248 296 "r"
158 52 210 255 277 253 259 258 296 "l"
68 246 35 281 281 266 259 292 297 "d"
142 44 57 302 265 298 260 307 273 "'"
157 196 169 315 284 304 271 327 298 "s"

99 51 252 352 279 350 261 355 298 "l"
214 65 72 375 284 362 271 390 299 "o"
9 95 70 405 285 395 272 419 300 "c"
62 197 23 435 286 423 272 447 300 "a"
197 95 230 458 280 455 262 461 299 "l"

163 8 171 495 283 484 262 511 300 "b"
240 63 170 529 287 517 273 540 301 "a"
85 28 63 560 285 548 274 572 300 "n"
213 94 88 588 284 579 263 602 301 "k"
