179 232 145 161 101 140 72 186 131 "C"
133 43 144 209 110 192 89 228 130 "u"
227 183 227 248 108 232 87 265 129 "s"
213 151 236 281 102 267 76 296 128 "t"
40 98 45 320 106 299 85 341 128 "o"
72 170 8 377 103 347 83 409 126 "m"
16 80 211 434 104 415 83 454 127 "e"
231 93 23 468 101 460 83 486 125 "r"

196 247 232 139 181 126 157 162 215 "F"
225 168 226 176 191 167 173 193 215 "r"
58 207 200 213 193 194 172 232 216 "e"
88 202 101 253 193 234 172 272 216 "e"
220 96 12 294 196 278 171 317 229 "p"
186 171 195 340 187 324 155 361 214 "h"
250 98 60 389 192 368 171 410 215 "o"
176 153 197 435 190 417 170 455 213 "n"
193 36 45 480 192 461 170 501 215 "e"

196 155 16 124 266 109 242 147 301 "P"
252 241 97 161 276 153 259 177 301 "r"
74 191 216 187 273 181 242 193 301 "i"
97 215 7 215 279 197 260 236 302 "v"
32 192 2 254 281 236 259 270 303 "a"
165 232 162 288 276 273 249 302 303 "t"
234 242 242 322 281 305 259 341 304 "e"

177 135 219 395 272 373 243 418 303 "H"
233 229 215 435 275 430 243 441 303 "i"
225 49 68 459 278 451 260 476 304 "r"
156 115 141 497 282 478 259 516 305 "e"

212 206 198 194 361 172 329 216 392 "S"
203 114 147 240 370 221 348 259 393 "e"
167 206 142 273 367 265 349 291 392 "r"
37 215 54 312 370 292 350 334 393 "v"
105 60 191 345 364 339 332 351 393 "i"
109 247 31 376 372 358 350 398 396 "c"
67 135 40 420 373 401 350 441 397 "e"
