154 32 50 114 304 38 219 190 390 "H"
64 238 80 292 313 205 219 381 389 "A"
233 187 241 419 302 395 219 445 387 "I"
166 179 235 523 299 464 218 598 385 "R"

#176 218 31 75 53 59 41 91 66 " "

#179 222 71 262 45 249 32 275 59 " "

#191 83 204 5 113 0 101 11 125 " "

#126 214 20 73 88 57 70 90 106 " "

#239 131 102 262 87 247 68 277 107 " "

#143 105 255 259 127 253 126 266 129 " "

#128 44 73 384 23 345 12 423 34 " "

#201 234 178 354 46 343 43 366 49 " "

#128 233 213 407 46 370 40 445 52 " "

#242 20 79 355 185 342 174 366 199 " "

#196 107 208 378 217 361 199 394 240 " "

#102 64 68 358 220 341 206 377 234 " "

#50 183 48 386 270 378 266 395 275 " "

#34 161 59 368 297 352 292 386 304 " "

#174 219 28 40 368 38 368 42 369 " "

#9 125 90 40 376 38 375 42 378 " "

#31 37 56 42 387 35 382 59 392 " "

#203 212 93 53 396 43 395 63 398 " "

#253 54 120 201 367 192 365 211 369 " "

#50 73 18 200 374 193 372 208 377 " "

#125 158 246 198 380 192 378 206 384 " "

#173 220 73 202 389 192 385 221 392 " "

#135 60 219 362 276 350 269 374 285 " "

#191 214 103 113 88 99 80 128 96 " "

#142 220 45 115 56 103 52 127 60 " "

#139 187 67 198 346 194 333 203 359 " "

#4 106 70 101 105 98 101 104 110 " "

#14 115 150 355 68 343 62 370 74 " "
