95 65 242 187 148 167 123 211 173 "B"
163 59 148 237 148 221 123 261 174 "E"
50 102 85 299 147 266 123 333 174 "W"
203 110 193 355 153 331 125 382 176 "A"
175 5 35 407 149 387 126 434 175 "R"
163 117 175 455 149 439 124 480 174 "E"

102 139 140 124 232 97 203 151 256 "A"
180 61 111 168 236 158 204 195 256 "L"
42 66 217 214 236 204 204 241 256 "L"
228 58 246 254 230 249 204 259 256 "I"
243 85 51 293 230 268 203 318 257 "G"
218 97 214 348 234 323 207 375 257 "A"
126 51 106 392 222 372 204 413 256 "T"
74 115 92 442 229 418 203 468 256 "O"
39 144 221 497 226 477 202 525 254 "R"

254 155 157 224 306 203 287 246 340 "T"
23 92 105 270 313 254 287 294 340 "E"
82 77 234 320 313 304 287 345 340 "E"
64 159 169 371 305 350 286 392 339 "T"
170 64 129 421 311 400 285 443 338 "H"
