139 72 252 431 458 396 401 469 516 "S"
181 38 250 537 459 484 401 592 518 "O"
225 161 130 648 461 601 403 711 519 "R"
26 55 148 760 461 713 405 822 518 "R"
26 184 44 878 451 825 405 939 517 "Y"

225 51 84 232 634 188 591 278 702 "T"
130 145 183 341 648 288 591 395 706 "O"
93 115 251 429 649 406 595 452 704 "I"
254 18 94 492 659 460 595 553 706 "L"
224 117 147 603 651 562 596 655 706 "E"
23 159 194 710 641 665 598 757 707 "T"

2 71 51 860 649 808 593 914 707 "O"
92 165 64 970 647 923 594 1035 705 "U"
78 153 246 1084 636 1042 593 1128 701 "T"

17 93 131 312 838 259 781 366 897 "O"
42 181 28 409 832 375 784 458 895 "F"

216 31 189 566 839 513 783 620 897 "O"
46 197 127 676 839 630 784 737 894 "R"
24 147 115 794 837 740 784 848 892 "D"
166 86 94 897 837 858 783 950 891 "E"
80 47 132 1003 834 958 781 1064 889 "R"
