241 73 144 96 465 74 434 128 498 "E"
233 187 241 150 476 130 452 172 501 "s"
166 179 235 197 478 176 453 219 502 "s"
13 94 36 244 479 222 455 268 504 "e"
153 62 12 292 480 270 457 318 504 "x"

203 212 93 382 474 355 441 415 508 "C"
179 222 71 444 485 420 461 469 509 "o"
245 150 252 494 489 473 463 516 511 "u"
139 187 67 542 484 522 463 563 511 "n"
174 219 28 579 481 567 451 593 513 "t"
64 238 80 618 494 597 466 644 527 "y"

50 183 48 709 483 682 449 744 517 "C"
34 161 59 772 493 748 469 798 519 "o"
125 158 246 823 498 802 472 846 520 "u"
173 220 73 872 494 850 472 895 520 "n"
176 218 31 920 498 899 473 945 523 "c"
2 153 202 956 492 950 458 964 522 "i"
196 107 208 973 490 966 458 981 523 "l"

157 114 185 393 577 383 545 421 596 "L"
153 197 126 427 572 423 546 431 597 "i"
128 233 213 451 575 436 547 473 598 "b"
201 234 178 485 576 478 562 501 599 "r"
143 105 255 519 582 499 562 538 602 "a"
191 214 103 549 578 542 564 565 601 "r"
126 214 20 572 578 568 551 576 602 "i"
209 205 97 598 584 579 564 618 604 "e"
156 157 30 639 585 621 566 658 605 "s"
