212 213 244 77 109 63 54 107 152 "L"
164 212 159 122 107 111 62 134 154 "I"
53 126 89 171 110 139 60 206 160 "S"
45 144 211 231 103 203 64 260 158 "T"
248 21 105 289 110 266 64 322 158 "E"
62 133 177 361 109 327 63 403 159 "R"
51 59 7 418 110 405 63 431 158 "I"
24 31 130 474 109 439 61 510 157 "N"
95 14 68 539 106 517 60 567 154 "E"

#74 74 247 570 51 567 45 573 57 " "

44 57 232 119 30 102 10 139 52 "C"
201 203 83 181 30 161 9 202 52 "O"
14 115 150 246 31 225 10 268 52 "O"
212 104 103 299 33 293 10 315 51 "L"
217 230 117 367 30 345 10 389 51 "M"
229 42 29 420 31 416 11 424 51 "I"
43 247 192 466 30 451 10 483 51 "N"
135 129 120 516 26 505 10 528 50 "T"
