141 253 190 782 1481 691 1391 870 1637 "T"
208 25 158 890 1519 860 1393 917 1638 "i"
2 236 197 1039 1535 918 1440 1160 1643 "m"
105 254 161 1236 1548 1160 1448 1318 1649 "e"
4 250 212 1353 1528 1290 1408 1412 1648 "/"
236 18 148 1444 1555 1364 1451 1521 1654 "s"
48 105 148 1564 1571 1497 1457 1657 1701 "y"
175 131 246 1701 1564 1617 1461 1778 1661 "s"
221 189 227 1810 1541 1763 1417 1862 1663 "t"
218 88 161 1915 1565 1833 1466 1992 1666 "e"
192 173 81 2108 1562 1978 1467 2231 1666 "m"

191 237 103 2391 1558 2293 1429 2477 1675 "2"
20 25 201 2553 1555 2463 1432 2643 1679 "0"
248 63 209 2719 1560 2628 1437 2806 1681 "0"
104 8 242 2886 1564 2794 1441 2973 1685 "6"

#108 225 132 3745 2398 3566 2180 3887 2591 " "

#223 46 84 946 2424 506 2169 1610 2591 " "

#108 95 54 269 2204 19 2023 499 2395 " "

#82 174 214 2214 1454 2182 1425 2240 1497 " "
