#158 36 9 754 246 675 201 810 306 " "

#76 145 115 750 369 742 355 758 384 " "

28 75 75 880 368 871 353 893 386 "C"
242 178 106 903 374 895 363 911 386 "a"
167 89 218 924 372 917 354 935 386 "b"
52 185 19 942 369 940 354 944 385 "l"
75 238 239 957 374 949 363 967 387 "e"

100 36 35 993 370 985 355 1004 386 "D"
93 3 168 1014 373 1011 355 1024 386 "L"
94 72 252 1037 369 1029 355 1048 387 "R"
179 11 220 1059 376 1052 374 1066 378 "-"
168 45 144 1080 373 1070 358 1088 388 "3"
74 202 116 1100 368 1093 356 1112 388 "P"

169 3 124 618 520 604 504 632 534 "A"
130 157 241 644 520 633 506 653 535 "4"
120 252 202 668 521 657 506 677 536 "3"
103 5 57 690 521 680 506 700 537 "8"
29 195 33 713 522 702 507 723 538 "2"

65 80 145 610 594 603 586 618 604 "N"
216 20 85 627 598 621 591 634 605 "o"
61 249 186 640 597 637 588 646 605 "k"
120 214 128 651 597 650 587 652 605 "i"
112 105 92 661 599 655 592 667 606 "a"

151 225 87 605 643 599 634 613 653 "6"
14 179 243 621 643 615 634 628 653 "2"
58 199 91 637 643 632 636 639 653 "1"
18 17 176 652 645 646 636 659 655 "0"

71 66 61 606 691 599 682 615 701 "D"
165 28 106 620 694 618 683 629 701 "L"
156 138 99 640 691 633 683 649 701 "R"
151 105 195 655 696 653 696 658 697 "-"
247 24 91 667 694 661 684 673 703 "3"
208 14 132 683 692 677 685 692 703 "P"

119 153 45 711 695 703 686 720 705 "D"
186 127 153 727 698 721 691 733 706 "a"
25 42 40 738 696 735 688 741 706 "t"
94 147 220 749 699 743 692 755 706 "a"

152 111 34 773 697 765 688 783 708 "C"
223 246 159 791 700 784 693 797 708 "a"
33 222 198 805 699 800 690 813 708 "b"
126 85 231 816 699 815 692 817 707 "l"
163 166 94 826 701 820 695 833 709 "e"

#94 137 63 1190 1031 1037 964 1331 1106 " "

#65 63 3 1111 1162 933 1103 1329 1199 " "

#97 40 27 1271 875 1185 777 1338 966 " "

#231 197 201 1183 513 1013 453 1343 601 " "

#141 168 243 1100 654 893 594 1306 740 " "

#208 77 115 852 944 650 841 1066 1053 " "

#190 130 190 1000 792 788 694 1193 889 " "

#91 170 149 733 1094 505 1010 952 1198 " "

#253 27 65 521 740 383 638 729 820 " "

#123 114 246 501 876 317 812 674 970 " "

#205 153 20 431 1020 319 958 549 1108 " "

#240 13 211 410 547 319 473 498 612 " "

#83 102 166 847 455 636 417 1022 525 " "

158 240 252 873 254 820 202 955 306 "K"
0 234 83 977 255 961 205 995 307 "I"
230 72 39 1072 263 998 207 1146 310 "A"

8 56 187 771 373 763 361 779 384 "a"
189 185 255 792 374 786 362 803 393 "p"
185 84 83 812 370 807 357 819 384 "t"
165 182 64 830 372 823 362 839 384 "e"
154 137 147 847 371 845 363 854 383 "r"
