#1 31 211 37 981 0 911 74 1051 " "

67 214 22 1089 1004 1053 937 1146 1076 "D"
25 131 33 1206 1008 1179 941 1235 1077 "I"

255 0 255 1423 1021 1374 946 1466 1085 "2"
184 140 168 1528 1025 1480 950 1572 1089 "2"
203 92 127 1622 1070 1605 1051 1640 1090 "."

233 54 29 1740 1022 1694 955 1786 1094 "0"
247 11 26 1850 1020 1800 958 1892 1096 "3"
163 91 64 1941 1079 1925 1060 1959 1099 "."

90 229 10 2056 1039 2031 963 2084 1103 "1"
152 147 108 2161 1042 2137 966 2189 1105 "1"

132 128 78 1299 1183 1263 1115 1354 1254 "D"
248 43 217 1399 1170 1369 1118 1462 1258 "F"
250 78 92 1510 1189 1476 1118 1569 1261 "K"
252 33 159 1629 1188 1601 1123 1657 1260 "I"

160 122 213 1831 1197 1797 1128 1889 1269 "K"
96 28 115 1927 1219 1903 1130 1992 1272 "L"

141 95 119 2164 1206 2133 1136 2206 1277 ">"

240 188 220 1263 2197 1239 2151 1287 2248 "A"
62 55 181 1330 2210 1305 2178 1358 2248 "n"
114 14 55 1387 2208 1376 2180 1425 2250 "r"
70 242 251 1471 2219 1446 2182 1496 2252 "u"
9 38 204 1545 2200 1527 2154 1565 2255 "f"
202 18 151 1612 2208 1595 2156 1628 2253 "l"
182 2 87 1682 2213 1668 2154 1697 2253 "i"
110 8 108 1746 2222 1720 2187 1773 2257 "s"
224 176 63 1814 2215 1791 2171 1836 2260 "t"
119 74 43 1881 2227 1859 2193 1910 2260 "e"

132 216 29 130 989 104 915 156 1053 "1"

#107 80 190 31 1154 0 1084 63 1225 " "
