253 27 65 256 110 231 80 282 141 "N"
104 79 184 317 112 302 82 341 142 "E"
123 114 246 387 111 354 83 423 143 "W"

231 197 201 167 185 146 164 189 223 "T"
70 142 44 219 192 200 164 242 224 "R"
205 153 20 277 198 252 165 303 225 "A"
141 168 243 330 190 317 167 354 226 "F"
242 190 254 380 191 367 167 404 227 "F"
255 113 235 421 197 416 168 427 227 "I"
59 208 160 464 198 442 167 493 230 "C"

240 13 211 157 277 134 246 180 308 "S"
120 135 126 201 278 196 248 207 308 "I"
180 58 68 249 280 222 247 274 310 "G"
70 194 219 317 279 292 250 343 309 "N"
83 102 166 380 283 355 251 405 310 "A"
203 11 51 427 286 418 251 451 311 "L"
167 240 112 481 281 458 251 503 312 "S"

50 134 84 197 364 172 332 223 391 "A"
91 170 149 259 361 236 332 283 391 "H"
94 16 161 318 362 302 333 341 392 "E"
125 190 202 376 366 350 334 401 393 "A"
138 137 159 435 363 414 334 462 393 "D"
