214 80 89 147 159 142 141 159 171 "L"
222 163 248 173 160 164 149 184 172 "e"
224 85 39 192 157 190 141 196 171 "i"
247 235 108 210 160 201 149 219 172 "s"
116 187 107 235 162 226 150 244 172 "u"
193 54 61 255 158 252 149 264 172 "r"
97 119 108 278 160 269 150 289 173 "e"

251 85 131 141 199 138 185 145 215 "I"
133 243 169 160 205 152 193 173 222 "p"
139 177 38 187 204 177 192 196 217 "s"
227 74 191 217 203 202 193 234 216 "w"
47 185 167 242 201 240 185 245 216 "i"
47 112 125 260 204 251 193 271 217 "c"
212 251 159 285 201 278 186 296 216 "h"

87 91 174 330 200 320 185 344 217 "R"
41 229 75 358 205 348 194 370 217 "o"
30 106 210 386 206 376 193 396 218 "a"
79 37 252 413 203 401 185 423 218 "d"

34 59 96 151 245 136 228 165 261 "G"
163 2 63 176 247 171 238 185 261 "r"
3 142 181 199 249 189 237 210 262 "e"
191 53 22 226 249 217 238 237 262 "e"
61 19 154 253 249 244 238 263 262 "n"
32 136 237 279 250 269 238 289 263 "s"
231 106 202 302 247 295 231 310 263 "t"
165 210 198 324 250 314 239 335 263 "e"
53 148 118 351 251 341 238 362 263 "a"
103 50 81 379 249 367 231 388 264 "d"

76 11 241 324 157 312 140 341 174 "C"
141 188 11 356 161 346 150 367 173 "e"
88 104 89 382 160 373 150 392 173 "n"
19 27 228 404 158 397 143 412 173 "t"
15 170 192 421 160 418 151 430 173 "r"
89 252 166 444 162 434 151 455 174 "e"
