70 208 18 145 134 138 124 156 144 "R"
103 218 137 165 133 156 123 175 145 "O"
223 186 48 183 132 174 124 192 144 "Y"
46 171 214 201 135 192 123 211 144 "A"
1 46 34 218 134 212 123 229 144 "L"

179 127 108 250 133 237 123 262 144 "M"
191 128 31 274 135 264 123 283 144 "A"
239 149 199 290 133 286 123 294 144 "I"
124 17 66 303 135 297 123 312 144 "L"

#135 129 120 223 343 204 341 243 345 " "

#95 14 68 234 298 225 295 244 301 " "

#21 5 123 472 226 466 224 479 229 " "

#51 59 7 475 218 471 216 479 220 " "

#24 31 130 467 235 454 233 479 239 " "

#218 146 112 464 261 448 257 479 267 " "

#206 84 100 463 273 448 268 479 278 " "

125 245 209 213 431 207 421 221 441 "E"
207 204 244 220 432 219 428 222 436 "1"
34 50 207 224 432 223 428 226 436 "1"
207 226 81 232 432 225 422 241 442 "R"

#45 144 211 9 195 0 191 18 200 " "

#143 211 72 4 165 0 149 9 181 " "

#43 247 192 467 181 455 174 479 189 " "
