192 173 81 112 473 67 424 159 522 "O"
2 236 197 198 485 166 455 233 522 "v"
236 18 148 266 484 236 450 300 521 "e"
48 105 148 322 483 309 454 349 522 "r"
175 131 246 385 487 355 452 414 523 "s"
65 149 99 455 487 425 453 488 522 "e"
221 189 227 527 489 496 453 560 524 "a"
218 88 161 595 489 567 453 625 524 "s"

56 49 79 755 476 723 434 798 525 "R"
202 253 206 831 489 802 455 864 525 "e"
239 92 197 881 481 873 436 890 526 "l"
105 229 101 933 493 901 457 966 527 "a"
222 48 196 990 483 968 435 1015 527 "t"
226 156 175 1034 484 1023 436 1045 527 "i"
54 182 94 1085 492 1052 457 1118 527 "o"
0 190 75 1154 491 1125 460 1186 529 "n"
135 47 86 1223 495 1194 459 1253 531 "s"

84 106 132 531 643 488 594 576 692 "O"
108 95 54 605 638 584 597 630 692 "f"
197 60 218 655 638 634 598 679 692 "f"
73 203 10 694 648 685 600 704 692 "i"
243 5 61 741 657 713 621 775 692 "c"
215 14 202 816 656 786 621 850 693 "e"
