116 143 152 211 340 187 317 235 369 "N"
79 34 24 262 344 237 318 288 371 "O"

116 63 88 327 346 307 321 351 372 "E"
66 239 71 379 346 354 322 403 375 "N"
223 46 84 429 346 407 324 452 376 "T"
182 57 190 479 351 454 325 508 378 "R"
103 12 230 530 349 505 326 559 379 "Y"

116 27 28 212 425 180 404 247 455 "W"
119 254 92 273 432 248 408 298 458 "H"
110 107 157 320 435 301 409 344 461 "E"
167 72 147 371 435 347 411 396 464 "N"

62 179 68 440 441 416 414 470 467 "R"
4 184 2 489 442 469 416 514 469 "E"
48 182 135 542 445 517 418 569 471 "D"

228 221 34 234 520 218 492 260 542 "L"
97 221 86 274 518 262 494 287 544 "I"
61 110 123 312 522 289 496 341 548 "G"
231 92 140 368 524 342 499 394 551 "H"
188 103 196 419 523 397 502 442 554 "T"

255 242 47 475 531 462 506 488 557 "I"
15 204 201 510 533 492 507 529 560 "S"

169 144 19 212 596 195 574 233 623 "F"
30 17 36 251 605 236 578 277 627 "L"
65 75 173 304 611 280 582 328 631 "A"
40 146 229 347 609 330 584 366 635 "S"
245 98 63 393 612 368 587 419 638 "H"
253 174 184 435 615 423 591 447 641 "I"
43 73 169 474 616 449 592 499 645 "N"
202 81 49 527 623 503 597 557 648 "G"

#14 115 150 711 149 663 146 759 152 " "

#47 22 217 704 198 640 157 774 260 " "

#74 74 247 1025 144 964 141 1087 148 " "

#104 87 208 1022 155 978 153 1066 158 " "

#216 211 69 714 41 628 0 801 83 " "

#11 206 40 1027 44 930 0 1125 89 " "

#96 197 245 1020 206 927 167 1107 259 " "

#151 61 89 1268 201 1257 136 1279 266 " "

#89 138 39 1262 475 1245 432 1279 519 " "
