208 77 115 618 360 591 312 652 409 "B"
190 130 190 692 376 662 337 722 411 "u"
180 58 68 743 360 734 309 754 407 "i"
70 194 219 774 357 765 307 783 407 "l"
140 43 65 831 365 792 307 859 409 "d"
83 102 166 880 360 871 309 891 407 "i"
203 11 51 932 368 903 336 963 407 "n"
94 16 161 1009 386 973 338 1039 439 "g"

3 236 76 1143 359 1086 314 1205 407 "W"
230 115 76 1229 373 1202 339 1259 409 "e"
49 180 5 1295 367 1270 311 1334 409 "b"

205 153 20 478 512 449 463 506 561 "S"
240 13 211 543 523 513 488 574 562 "e"
140 205 248 595 518 582 488 621 560 "r"
35 32 135 652 520 622 489 685 560 "v"
193 156 124 698 511 687 462 709 560 "i"
121 244 77 741 524 715 488 775 561 "c"
66 89 39 806 524 777 489 838 561 "e"
127 48 250 865 525 841 489 888 562 "s"

167 240 112 979 523 929 490 1030 560 "w"
255 0 0 1044 514 1035 464 1054 560 "i"
50 134 84 1080 518 1061 474 1105 562 "t"
125 190 202 1136 515 1111 463 1170 560 "h"

108 225 132 519 638 499 622 538 654 "M"
76 149 135 550 642 542 630 560 653 "a"
141 90 176 571 639 563 621 583 653 "k"
8 173 128 590 639 587 624 594 653 "i"
153 45 78 611 641 600 630 622 653 "n"
177 61 231 635 646 626 631 646 663 "g"

213 165 65 670 637 662 622 679 653 "S"
82 174 214 690 641 682 631 700 653 "e"
66 21 159 714 641 703 630 726 653 "n"
254 38 0 737 641 730 630 744 653 "s"
33 209 76 754 641 746 631 764 653 "e"

241 73 144 792 641 781 630 803 653 "o"
233 187 241 811 636 806 622 819 653 "f"

13 120 72 1233 642 1225 631 1242 653 "a"
29 41 146 1257 642 1247 631 1268 653 "n"
153 41 134 1284 640 1273 623 1294 653 "d"

116 219 114 1324 638 1311 624 1365 653 "U"
79 250 28 1357 637 1344 624 1371 653 "D"
181 184 55 1389 637 1376 624 1403 653 "D"
87 149 176 1412 638 1407 624 1417 653 "I"

173 170 14 1234 525 1218 468 1243 584 "J"
176 213 207 1284 529 1255 492 1309 561 "a"
255 39 202 1344 522 1314 492 1376 560 "v"
20 157 216 1409 528 1379 492 1433 561 "a"

82 254 121 1446 494 1440 488 1452 504 "T"
244 60 229 1462 496 1454 488 1472 505 "M"

39 101 190 846 637 833 623 861 653 "X"
90 206 149 883 638 864 623 901 653 "M"
213 111 202 912 640 905 623 926 653 "L"
157 114 185 932 652 928 646 936 661 ","

180 166 101 962 638 954 623 971 653 "S"
105 192 201 989 638 974 623 1005 654 "O"
9 52 50 1021 640 1008 623 1033 653 "A"
1 77 44 1045 635 1037 623 1058 653 "P"
128 44 73 1058 653 1054 647 1062 660 ","

135 60 219 1099 637 1079 624 1120 653 "W"
129 136 11 1132 638 1123 623 1141 653 "S"
107 97 56 1158 637 1146 624 1173 652 "D"
208 84 249 1184 641 1178 624 1197 653 "L"
153 197 126 1203 652 1200 646 1208 660 ","
