#64 97 8 571 474 560 436 583 512 " "

#59 177 20 729 379 696 341 763 417 " "

92 49 68 796 369 768 343 825 412 "T"
162 35 253 843 378 832 342 855 413 "I"
57 26 69 881 374 863 343 907 414 "F"
190 170 53 923 379 912 343 935 414 "I"
179 222 71 967 379 941 342 1006 415 "C"
87 189 119 1023 380 1012 344 1035 415 "I"
201 211 179 1077 384 1040 343 1110 415 "A"
226 11 194 1131 386 1116 345 1164 416 "L"

205 8 163 625 473 592 439 658 509 "N"
105 100 118 695 463 666 439 724 509 "T"
218 24 179 750 475 730 439 779 510 "E"
131 175 12 798 481 783 440 831 510 "L"
19 175 238 851 482 835 440 884 511 "L"
209 2 216 900 475 890 440 912 511 "I"
139 187 67 951 476 919 439 988 512 "G"
62 188 128 1014 476 993 440 1043 513 "E"
199 181 73 1079 475 1043 441 1113 513 "N"
200 77 18 1145 477 1119 441 1183 514 "C"
194 241 222 1208 479 1188 443 1236 514 "E"

32 131 50 673 554 657 535 688 569 "A"

117 52 97 719 554 702 537 736 569 "M"
154 80 119 755 553 740 536 771 571 "O"
100 228 189 787 553 774 537 803 570 "D"
217 255 1 813 553 804 538 826 570 "E"
203 169 192 839 554 828 538 855 570 "R"
40 63 24 871 553 856 538 887 570 "N"

34 12 105 915 557 900 538 931 571 "A"
132 61 79 943 552 935 539 955 571 "P"
168 160 238 966 552 958 539 979 571 "P"
98 199 110 992 555 981 539 1008 572 "R"
3 31 166 1024 555 1009 539 1041 572 "O"
9 125 90 1057 558 1041 539 1073 572 "A"
31 37 56 1087 555 1075 539 1104 572 "C"
235 33 54 1121 556 1107 540 1136 572 "H"

96 234 19 142 703 131 687 153 720 "S"
149 89 62 168 700 155 688 183 720 "T"
242 220 37 199 704 185 688 215 721 "U"
128 109 175 235 707 219 688 251 721 "A"
131 229 210 265 704 253 689 282 721 "R"
233 69 87 294 701 281 690 309 721 "T"

236 196 160 142 750 131 735 159 766 "R"
250 15 103 175 750 161 735 191 767 "U"
225 228 202 206 751 196 735 217 768 "S"
209 185 249 230 752 220 735 242 769 "S"
86 34 45 254 752 244 736 268 768 "E"
3 60 238 276 755 270 737 292 768 "L"
170 141 203 302 756 294 737 318 769 "L"

174 177 23 141 814 133 801 155 833 "P"
139 176 217 165 817 157 802 179 833 "E"
41 5 5 193 813 180 802 208 833 "T"
127 130 198 219 817 211 802 233 834 "E"
239 192 40 246 818 235 803 263 835 "R"

66 18 106 148 863 131 847 162 880 "N"
4 57 211 182 863 166 847 199 880 "O"
139 63 233 213 864 202 849 229 881 "R"
177 79 49 242 862 227 849 258 882 "V"
247 119 138 265 865 261 850 271 881 "I"
4 174 144 289 865 274 849 306 882 "G"
