202 211 209 457 307 450 297 465 317 "8"
253 199 228 483 306 475 297 491 316 "0"
228 198 112 507 306 500 297 515 316 "0"
58 241 84 532 306 525 297 540 316 "0"

79 216 191 241 144 219 121 268 169 "D"
234 27 112 297 145 269 117 332 172 "E"
72 126 122 344 148 333 120 366 169 "L"
186 243 149 385 148 373 120 407 169 "L"

217 147 179 108 304 106 293 111 316 "I"
214 126 67 145 304 133 293 157 317 "N"
58 220 102 185 305 178 293 194 318 "S"
241 57 78 222 303 215 293 234 317 "P"
77 216 142 258 306 255 294 261 318 "I"
130 100 229 290 304 282 293 301 318 "R"
65 229 3 334 306 321 293 349 320 "O"
229 138 66 381 306 370 295 394 318 "N"

11 169 214 422 305 419 277 425 334 "|"
