139 72 252 181 253 147 229 217 291 "T"
177 9 206 244 273 224 243 275 306 "E"
24 147 115 309 282 281 251 337 313 "S"
166 86 94 368 289 343 260 402 320 "C"
80 47 132 439 299 406 270 474 329 "O"

181 38 250 164 472 127 410 207 541 "R"
234 40 183 267 495 218 430 307 551 "A"
225 161 130 341 499 312 442 389 557 "C"
26 55 148 429 502 406 448 469 557 "E"

114 199 1 548 495 528 450 587 556 "F"
26 184 44 647 500 602 447 694 554 "O"
225 51 84 740 498 706 449 792 551 "R"

117 243 34 851 502 829 440 898 547 "L"
93 115 251 921 482 904 428 939 537 "I"
65 104 137 976 469 952 421 1016 532 "F"
207 185 133 1053 474 1026 423 1094 529 "E"

126 51 106 423 650 407 626 443 676 "C"
74 115 92 470 652 449 626 491 674 "A"
39 144 221 518 648 500 625 537 673 "N"
211 141 127 563 647 547 623 584 672 "C"
254 155 157 604 647 592 624 623 671 "E"
23 92 105 645 644 630 623 666 670 "R"

195 163 155 704 643 688 621 725 669 "R"
82 77 234 743 643 731 619 763 668 "E"
64 159 169 786 641 769 616 805 666 "S"
170 64 129 824 638 811 615 844 662 "E"
63 100 233 871 636 853 613 894 659 "A"
32 237 56 915 628 898 608 937 653 "R"
92 165 64 958 626 942 603 980 648 "C"
78 153 246 1006 622 985 599 1027 646 "H"

17 93 131 1063 623 1045 595 1081 647 "U"
42 181 28 1100 624 1083 599 1127 649 "K"
