125 158 246 297 185 289 174 309 198 "C"
173 220 73 323 188 316 180 333 196 "a"
242 20 79 348 186 342 180 355 195 "n"
102 64 68 369 186 363 179 377 196 "o"
196 107 208 393 185 385 180 400 194 "n"

166 179 235 239 226 211 212 272 253 "P"
233 187 241 258 245 247 236 272 254 "o"
135 60 219 290 245 276 238 309 253 "w"
153 62 12 320 246 309 237 333 255 "e"
183 6 28 343 244 336 238 353 254 "r"
50 73 18 375 236 354 216 396 255 "S"
3 31 166 405 243 394 231 418 255 "h"
245 150 252 433 248 422 239 446 258 "o"
10 137 13 456 247 451 237 464 257 "t"
