253 54 120 34 28 8 13 64 51 "W"
191 83 204 75 36 55 14 93 51 "A"
126 214 20 106 29 91 14 123 52 "T"
142 220 45 141 33 127 14 158 52 "E"
239 131 102 179 33 164 14 199 52 "R"
97 73 87 214 34 202 14 228 53 "S"
143 105 255 247 29 231 15 263 52 "T"
50 73 18 283 33 265 14 302 54 "O"
156 157 30 321 33 302 16 340 53 "N"
114 114 22 358 34 344 15 376 53 "E"
240 29 230 382 19 379 15 385 26 "'"
74 79 132 402 34 390 15 415 53 "S"

12 158 116 31 75 22 67 40 92 "T"
44 57 232 50 80 44 68 59 92 "h"
212 213 244 72 84 64 75 81 93 "e"

164 212 159 99 80 97 68 101 93 "l"
53 126 89 114 84 106 75 121 93 "a"
34 50 207 133 84 127 75 141 94 "s"
207 204 244 149 81 145 70 154 93 "t"

217 230 117 180 84 168 76 192 93 "w"
229 42 29 204 84 196 76 213 94 "o"
43 247 192 221 83 218 76 227 94 "r"
135 129 120 240 83 231 69 247 94 "d"

95 14 68 266 82 264 69 268 94 "i"
212 0 80 281 84 273 76 289 94 "n"

190 141 97 311 83 305 70 322 94 "b"
21 5 123 334 85 326 77 343 94 "o"
51 59 7 355 85 347 77 364 94 "o"
24 31 130 374 83 369 70 384 94 "k"
218 146 112 395 85 388 76 403 94 "s"
