225 155 193 742 161 722 130 762 191 "S"
149 154 29 790 169 766 146 815 192 "o"
233 126 192 832 157 818 131 851 192 "f"
181 194 134 867 166 854 140 883 193 "t"
154 191 84 922 170 884 149 964 194 "w"
35 217 231 982 173 959 150 1002 195 "a"
144 85 209 1019 168 1009 151 1040 195 "r"
209 40 56 1061 173 1040 151 1085 197 "e"

59 177 20 752 290 724 261 784 319 "D"
17 165 106 810 297 789 276 834 321 "e"
140 193 40 853 299 836 276 870 322 "s"
11 169 214 883 292 877 262 892 321 "i"
140 151 135 924 309 898 277 947 343 "g"
21 241 47 976 298 953 278 1001 323 "n"

161 108 217 734 413 721 388 753 448 "f"
156 48 225 776 426 752 404 801 449 "o"
113 217 254 816 422 806 405 837 449 "r"

165 226 159 742 546 721 518 768 578 "R"
101 71 180 793 554 773 533 817 578 "e"
70 42 56 845 556 821 533 864 578 "a"
130 169 137 880 549 873 520 887 578 "l"
99 194 120 908 556 895 554 921 559 "-"
223 38 177 937 553 924 526 953 579 "t"
109 41 218 966 550 960 520 975 579 "i"
52 18 150 1015 554 981 535 1050 579 "m"
166 57 191 1076 557 1055 535 1099 580 "e"

101 5 20 737 677 717 646 756 707 "S"
65 63 3 777 691 753 663 806 727 "y"
97 40 27 826 684 808 661 842 707 "s"
32 30 161 859 680 846 654 875 707 "t"
40 108 227 901 684 880 662 924 707 "e"
14 109 241 964 682 930 662 999 706 "m"
94 137 63 1020 685 1003 662 1036 708 "s"

141 168 243 733 1060 708 1026 748 1086 "J"
242 190 254 760 1081 754 1077 767 1085 "."
255 113 235 804 1055 785 1026 831 1085 "E"
59 208 160 842 1080 836 1076 849 1084 "."

140 6 117 895 1054 872 1024 925 1085 "C"
120 135 126 963 1054 930 1024 997 1084 "O"
208 77 115 1034 1053 1001 1023 1068 1084 "O"
190 130 190 1087 1059 1073 1024 1115 1083 "L"
70 194 219 1129 1053 1121 1024 1138 1083 "I"
180 58 68 1173 1053 1144 1024 1204 1082 "N"
104 79 184 1240 1053 1210 1022 1269 1082 "G"
