47 147 4 745 760 738 725 754 796 "I"
115 143 179 790 767 766 743 815 796 "n"
67 64 83 837 752 822 718 856 795 "f"
126 175 138 881 767 858 740 906 794 "e"
213 111 202 931 766 913 739 954 793 "c"
161 211 207 974 759 958 728 992 792 "t"
90 206 149 1007 757 999 717 1015 791 "i"
39 101 190 1050 763 1023 736 1078 791 "o"
7 246 42 1110 759 1087 735 1135 789 "n"
190 161 173 1163 761 1145 733 1182 788 "s"

103 233 65 1219 751 1211 712 1227 786 "i"
8 173 128 1262 755 1238 730 1287 785 "n"

177 222 96 1346 749 1316 710 1378 783 "A"
213 165 65 1396 738 1380 703 1415 782 "f"
24 228 159 1428 749 1418 726 1448 781 "r"
66 21 159 1462 744 1454 705 1470 780 "i"
254 38 0 1497 752 1478 724 1520 780 "c"
33 209 76 1548 752 1524 723 1569 779 "a"

105 192 201 773 917 744 882 803 954 "H"
9 52 50 834 932 811 900 860 975 "y"
1 77 44 890 929 868 898 921 972 "p"
86 23 143 951 923 928 896 976 951 "e"
98 18 104 995 918 985 895 1016 948 "r"
129 136 11 1034 915 1017 883 1051 948 "t"
216 166 200 1079 919 1057 893 1104 947 "e"
23 113 231 1137 916 1114 891 1162 945 "n"
13 120 72 1190 917 1173 890 1209 944 "s"
29 41 146 1224 908 1217 869 1232 942 "i"
153 41 134 1267 914 1241 887 1294 942 "o"
116 219 114 1326 911 1303 886 1351 940 "n"
79 250 28 1369 912 1361 887 1378 939 ":"

181 184 55 1440 908 1403 883 1477 936 "w"
87 149 176 1505 899 1484 859 1532 934 "h"
91 244 123 1566 905 1541 879 1592 933 "o"

141 109 108 1629 895 1621 857 1637 930 "i"
139 217 116 1663 903 1646 875 1682 931 "s"

17 101 67 1732 902 1709 873 1752 929 "a"
246 165 8 1774 893 1758 862 1790 927 "t"

247 189 121 1829 893 1819 870 1848 924 "r"
184 21 235 1861 888 1854 850 1869 923 "i"
96 225 224 1895 896 1878 868 1914 924 "s"
60 110 143 1938 888 1921 845 1968 921 "k"
64 97 155 1989 877 1972 847 2006 920 "?"

238 16 74 778 1077 747 1038 809 1111 "G"
48 167 177 844 1085 820 1057 868 1110 "u"
106 158 47 892 1075 876 1044 909 1109 "t"

80 16 239 964 1088 937 1053 988 1128 "g"
129 200 155 1020 1077 997 1051 1045 1105 "e"
233 246 138 1077 1074 1054 1050 1102 1103 "n"
161 71 158 1137 1074 1111 1048 1164 1102 "o"
207 205 67 1211 1069 1173 1045 1250 1099 "m"
80 199 87 1268 1062 1261 1024 1276 1097 "i"
189 191 89 1303 1069 1286 1042 1326 1096 "c"
152 24 21 1350 1068 1334 1041 1369 1095 "s"

2 118 128 1982 1478 1967 1417 1998 1540 "I"
252 64 106 2056 1488 2015 1444 2099 1537 "n"
107 23 75 2136 1477 2107 1420 2166 1534 "t"
33 177 54 2213 1484 2173 1437 2254 1531 "e"
90 125 219 2286 1473 2266 1432 2320 1525 "r"
30 114 234 2368 1473 2328 1428 2411 1522 "n"
113 141 130 2462 1473 2422 1424 2499 1519 "a"
184 140 168 2534 1456 2505 1401 2562 1513 "t"
78 217 94 2588 1449 2574 1384 2603 1509 "i"
191 250 175 2658 1461 2615 1415 2702 1507 "o"
116 148 176 2752 1454 2714 1411 2793 1502 "n"
229 117 29 2845 1454 2805 1407 2880 1499 "a"
88 16 220 2908 1429 2895 1368 2922 1493 "l"

242 218 70 2008 1647 1967 1583 2060 1709 "C"
160 129 91 2112 1658 2068 1612 2158 1705 "o"
203 92 127 2210 1653 2166 1607 2256 1699 "o"
233 54 29 2305 1656 2268 1601 2356 1728 "p"
163 91 64 2404 1642 2365 1596 2445 1688 "e"
2 116 73 2476 1632 2457 1591 2509 1683 "r"
172 210 85 2553 1635 2514 1588 2589 1680 "a"
247 11 26 2624 1619 2596 1564 2652 1675 "t"
35 38 169 2678 1612 2664 1547 2692 1670 "i"
53 185 51 2747 1622 2704 1578 2790 1668 "o"
173 104 136 2841 1615 2803 1572 2881 1662 "n"

213 42 225 1990 1832 1982 1794 1998 1866 "i"
93 50 178 2032 1836 2009 1812 2056 1864 "n"

90 229 10 2106 1824 2088 1789 2131 1860 "E"
119 233 220 2166 1822 2139 1786 2194 1857 "U"
181 235 93 2218 1825 2205 1820 2231 1831 "-"
58 197 105 2250 1811 2234 1776 2268 1851 "f"
152 147 108 2294 1824 2272 1797 2317 1849 "u"
235 87 13 2350 1817 2328 1793 2374 1845 "n"
223 154 135 2409 1810 2381 1768 2431 1842 "d"
178 104 4 2460 1812 2438 1786 2484 1839 "e"
230 213 162 2516 1803 2489 1761 2537 1835 "d"

188 198 164 2013 1944 1985 1909 2041 1980 "H"
141 95 119 2073 1950 2050 1924 2097 1976 "e"
214 143 195 2125 1948 2102 1921 2146 1974 "a"
20 33 42 2163 1934 2156 1898 2172 1970 "l"
4 212 169 2195 1936 2178 1905 2211 1968 "t"
24 1 17 2239 1933 2220 1894 2265 1966 "h"

187 174 141 2319 1924 2297 1891 2346 1961 "R"
96 28 115 2372 1931 2350 1905 2396 1958 "e"
207 32 202 2419 1929 2402 1902 2438 1955 "s"
47 214 93 2465 1925 2443 1899 2488 1951 "e"
41 83 69 2515 1923 2493 1896 2536 1949 "a"
89 168 215 2555 1916 2545 1893 2574 1945 "r"
234 13 204 2596 1917 2579 1890 2616 1942 "c"
85 237 38 2643 1906 2624 1868 2668 1939 "h"

#135 60 219 2841 2571 2655 2548 3008 2591 " "

#153 62 12 2552 2581 2454 2572 2650 2591 " "
