205 8 163 570 119 561 105 580 133 "2"
28 40 21 593 118 584 105 604 133 "N"

130 115 29 50 150 28 121 68 177 "4"
156 115 141 97 148 76 120 123 177 "B"
41 5 5 138 171 132 165 144 177 "."
203 114 147 171 148 152 120 191 178 "5"
105 60 191 215 149 195 119 233 176 "2"
58 55 157 259 148 239 118 277 175 "2"

163 8 171 40 327 22 308 59 347 "M"
240 63 170 76 333 63 318 89 348 "a"
132 255 150 99 330 94 318 109 347 "r"
197 95 230 116 328 113 308 120 347 "i"
62 197 23 136 333 125 318 149 348 "s"
79 81 173 165 333 151 318 177 348 "a"

109 159 233 213 328 199 309 230 347 "B"
235 200 37 247 333 233 318 262 348 "o"
7 74 29 277 332 265 317 290 348 "s"
21 124 13 300 328 292 310 309 347 "t"
72 170 8 325 332 311 318 340 348 "o"
227 183 227 354 333 343 318 369 348 "c"
179 232 145 383 329 373 308 399 347 "k"

40 98 45 43 398 28 375 52 414 "J"
97 215 7 69 399 57 385 82 414 "e"
231 93 23 99 397 88 385 112 413 "n"
196 247 232 131 398 119 385 144 413 "n"
225 168 226 159 402 147 385 175 424 "y"

32 192 2 207 393 193 375 225 413 "D"
193 36 45 234 394 230 375 238 413 "i"
176 153 197 255 399 242 385 270 413 "x"
104 64 39 286 398 272 384 300 413 "o"
74 191 216 317 397 305 383 330 413 "n"

214 237 159 80 242 62 221 97 261 "G"
165 169 144 116 239 102 222 132 260 "R"
252 174 236 151 243 135 222 168 260 "A"
244 75 135 186 240 172 222 204 260 "D"
112 175 142 223 242 209 222 239 262 "U"
166 163 238 260 243 243 222 277 261 "A"
139 176 217 294 236 279 223 310 261 "T"
78 214 8 326 241 314 222 342 261 "E"

142 44 57 381 241 363 221 400 263 "O"
101 31 10 415 237 405 222 432 261 "F"
55 29 164 445 237 436 222 462 261 "F"
190 139 191 470 241 467 222 473 260 "I"
4 57 211 494 241 478 220 513 262 "C"
54 29 186 528 240 517 221 545 260 "E"

#108 225 132 505 399 475 392 535 406 " "

#82 174 214 600 416 587 408 613 424 " "

#113 217 254 589 304 579 298 599 311 " "
