174 101 239 109 381 82 350 140 408 "A"
231 223 68 177 376 157 347 207 405 "C"
195 238 110 248 374 228 345 277 403 "C"
72 170 175 318 372 303 345 342 400 "E"
144 58 181 392 370 368 341 417 399 "S"
114 107 18 463 367 439 338 487 396 "S"

236 176 154 568 357 547 337 592 391 "T"
237 220 110 635 361 609 335 661 389 "O"

63 37 26 740 357 721 331 767 384 "K"
117 5 123 807 354 786 329 829 381 "N"
9 118 168 873 352 850 327 897 378 "O"
231 203 202 943 348 916 324 977 375 "W"

41 229 75 52 801 0 752 111 852 "B"
214 80 89 170 804 103 747 221 852 "A"
222 163 248 274 797 221 740 336 847 "G"
224 85 39 390 789 336 737 450 840 "G"
47 185 167 496 789 430 734 539 836 "A"
162 137 23 594 779 542 727 652 828 "G"
19 27 228 681 771 638 720 734 823 "E"
