103 218 137 93 123 81 89 112 167 "F"
223 186 48 128 129 120 90 138 169 "I"
46 171 214 169 125 141 91 197 170 "V"
70 208 18 215 131 202 92 234 171 "E"

88 247 255 291 129 278 94 312 173 "F"
178 102 73 345 135 317 96 374 176 "O"
246 112 105 407 137 382 97 434 178 "U"
61 198 191 465 138 443 99 492 179 "R"
64 201 34 518 140 500 100 537 181 "S"

146 205 74 123 278 91 232 157 326 "5"
249 92 196 199 282 163 235 231 327 "4"
87 91 35 275 284 237 237 307 330 "4"
19 20 151 351 287 313 239 383 333 "4"
234 27 112 428 289 389 241 460 335 "4"
72 126 122 506 292 466 244 537 338 "4"

65 229 3 182 199 176 192 187 207 "2"
130 100 229 196 202 191 198 201 207 "a"

77 216 142 221 201 214 194 228 208 "A"
203 110 193 234 202 232 199 238 208 "r"
142 213 158 243 201 241 197 246 208 "t"
58 241 84 254 202 251 194 260 209 "h"
163 59 148 269 205 265 201 274 210 "u"
50 102 85 281 204 279 201 285 210 "r"

206 98 53 300 203 296 196 304 211 "S"
77 186 247 310 203 308 198 313 210 "t"

131 109 19 336 204 331 197 342 212 "C"
139 162 69 350 207 346 203 356 212 "o"
200 145 253 361 204 360 197 362 212 "l"
147 217 57 369 207 366 203 374 213 "c"
95 191 199 381 205 378 197 387 212 "h"
90 147 216 396 208 392 204 401 213 "e"
116 205 86 409 209 406 204 413 214 "s"
218 176 62 419 206 417 201 422 213 "t"
150 241 135 430 209 426 205 436 214 "e"
180 61 111 442 208 440 205 446 214 "r"

42 66 217 186 353 185 349 190 357 "L"
228 58 246 193 353 193 350 194 357 "I"
243 85 51 201 354 198 350 205 358 "C"
190 120 120 210 354 209 350 213 358 "E"
106 213 64 222 355 218 351 226 359 "N"
218 97 214 232 355 230 351 235 359 "S"
84 153 215 240 355 239 352 243 359 "E"
65 104 137 251 356 248 352 255 360 "D"

139 72 252 268 356 266 353 272 361 "P"
218 102 91 277 356 275 353 281 361 "R"
74 115 92 285 357 285 353 286 361 "I"
39 144 221 293 357 289 354 297 362 "V"
64 159 169 303 358 299 354 307 362 "A"
170 64 129 312 358 309 355 315 362 "T"
63 100 233 320 358 318 355 323 363 "E"

68 191 51 337 359 334 355 341 363 "H"
27 90 103 347 360 346 356 348 364 "I"
181 38 250 354 359 352 356 359 364 "R"
225 161 130 364 360 362 356 367 364 "E"

234 40 183 380 360 376 357 385 365 "V"
26 55 148 390 360 388 357 393 365 "E"
114 199 1 402 362 398 358 406 366 "H"
26 184 44 411 362 410 358 412 366 "I"
117 243 34 419 362 416 358 423 367 "C"
254 18 94 427 363 426 359 431 367 "L"
224 117 147 436 362 435 359 440 367 "E"

#11 206 40 489 394 430 390 547 399 " "

#118 122 121 254 134 237 97 272 172 " "
