225 155 193 183 219 170 203 203 242 "P"
149 154 29 221 229 207 215 235 244 "a"
21 241 47 256 229 242 216 271 244 "n"
140 151 135 292 232 277 217 306 246 "a"
11 169 214 324 232 311 218 338 247 "s"
140 193 40 358 233 343 218 374 248 "o"
17 165 106 392 232 379 219 407 248 "n"
59 177 20 418 230 414 209 422 248 "i"
64 97 8 440 235 428 220 455 250 "c"

233 126 192 266 280 260 271 274 290 "N"
128 255 128 284 281 279 272 293 290 "E"
181 194 134 302 283 299 283 305 284 "-"
128 255 255 312 280 308 273 315 290 "1"
35 217 231 326 282 321 273 333 291 "0"
144 85 209 343 282 337 273 349 291 "2"
209 40 56 359 280 355 274 366 291 "7"
