156 157 30 63 82 46 58 85 106 "C"
114 114 22 119 82 95 58 144 107 "O"
240 29 230 176 81 154 58 199 106 "N"
74 79 132 230 82 208 57 253 107 "S"
215 2 119 286 79 266 58 307 107 "T"
44 57 232 331 88 308 58 352 107 "A"
201 203 83 386 83 365 59 408 107 "N"
51 30 18 440 80 419 59 460 109 "T"
12 158 116 480 84 468 60 494 109 "I"
212 213 244 526 85 504 61 548 109 "N"
164 212 159 574 86 556 62 597 110 "E"

#53 126 89 71 1 60 0 83 3 " "

#45 144 211 59 7 49 6 69 9 " "

#34 50 207 81 7 70 6 92 9 " "

#143 211 72 124 9 115 5 136 14 " "

#217 230 117 156 9 145 4 166 13 " "
