135 60 219 2461 193 2441 144 2469 256 "1"
153 62 12 2501 251 2495 243 2508 260 "."
13 94 36 2545 209 2518 148 2570 266 "2"
183 6 28 2603 205 2582 153 2613 269 "1"

179 222 71 63 151 33 106 96 197 "s"
200 77 18 122 138 104 79 142 196 "t"

139 187 67 209 125 188 72 235 194 "f"
3 31 166 245 133 237 74 253 194 "l"
9 125 90 307 150 269 105 345 197 "o"
31 37 56 395 151 357 105 434 197 "o"
203 212 93 463 142 451 106 494 195 "r"

233 187 241 456 1112 239 901 747 1344 "R"
241 73 144 886 1132 811 917 963 1348 "I"
82 174 214 1243 1135 1041 912 1528 1360 "C"
108 225 132 1807 1134 1555 916 2065 1354 "O"
166 179 235 2299 1126 2129 923 2479 1335 "H"

245 150 252 1194 2351 1184 2302 1206 2402 "I"
19 59 69 1257 2349 1233 2300 1293 2400 "E"
10 137 13 1343 2349 1312 2297 1376 2400 "S"
174 219 28 1419 2345 1395 2296 1454 2396 "E"

#154 32 50 518 2566 145 2542 892 2591 " "
