209 205 97 1518 626 1431 557 1582 687 "M"
156 157 30 1646 642 1604 592 1691 684 "u"
114 114 22 1730 611 1709 542 1751 677 "l"
240 29 230 1785 621 1767 559 1816 678 "t"
74 79 132 1842 619 1824 539 1865 673 "i"
215 2 119 1917 610 1873 543 1959 674 "S"
51 30 18 2011 632 1970 576 2065 730 "y"
44 57 232 2108 619 2059 574 2153 668 "n"
201 203 83 2199 621 2168 571 2253 668 "c"

239 131 102 2344 608 2318 534 2389 661 "L"
97 73 87 2451 599 2410 526 2533 660 "C"
143 105 255 2600 590 2538 525 2667 654 "D"
201 234 178 2715 605 2677 551 2747 650 "2"
191 83 204 2786 600 2745 548 2813 647 "4"
191 214 103 2859 586 2826 551 2895 645 "7"
126 214 20 2935 596 2901 547 2971 645 "0"
128 44 73 3038 590 2984 542 3112 642 "W"
153 197 126 3154 583 3123 539 3204 636 "V"
128 233 213 3246 585 3206 535 3284 634 "X"
