13 94 36 71 117 61 101 88 140 "P"
153 62 12 111 120 99 101 128 140 "R"
183 6 28 159 120 137 99 182 141 "O"
179 222 71 202 117 195 100 217 140 "F"
200 77 18 238 119 230 100 253 140 "E"
139 187 67 276 120 264 99 289 141 "S"
3 31 166 312 120 300 99 326 141 "S"
9 125 90 344 120 339 100 349 140 "I"
31 37 56 384 119 362 99 408 141 "O"
203 212 93 439 119 421 100 456 140 "N"
245 150 252 486 122 467 99 504 140 "A"
19 59 69 521 122 515 100 538 140 "L"

233 187 241 115 270 19 188 208 355 "X"
166 179 235 339 273 219 188 447 358 "M"
135 60 219 511 283 454 189 603 359 "L"

10 137 13 170 416 155 396 181 434 "2"
174 219 28 201 420 190 407 214 435 "n"
154 32 50 237 418 222 393 249 437 "d"

64 238 80 286 416 278 397 299 437 "E"
253 54 120 321 419 306 394 333 438 "d"
50 73 18 347 418 343 395 351 438 "i"
125 158 246 365 419 357 400 374 439 "t"
173 220 73 384 419 381 396 389 438 "i"
242 20 79 410 424 396 410 425 439 "o"
102 64 68 444 424 432 411 458 439 "n"
