212 213 244 1562 883 1488 796 1638 972 "O"
164 212 159 1679 879 1664 788 1694 971 "l"
53 126 89 1769 908 1720 844 1824 975 "e"
34 50 207 1890 934 1839 848 1946 1021 "g"

207 204 244 2073 888 2025 809 2135 979 "R"
45 144 211 2204 917 2149 854 2260 982 "o"
143 211 72 2316 921 2277 856 2355 983 "s"
217 230 117 2398 906 2363 830 2435 985 "t"
229 42 29 2498 926 2448 860 2539 986 "a"
43 247 192 2615 919 2569 863 2663 987 "n"
135 129 120 2705 907 2691 817 2722 988 "i"
95 14 68 2793 923 2748 867 2841 990 "n"

212 0 80 1789 1328 1718 1236 1859 1407 "A"
190 141 97 1914 1343 1875 1278 1955 1407 "s"
21 5 123 1993 1322 1977 1228 2010 1405 "i"
51 59 7 2063 1305 2028 1225 2102 1405 "f"

24 31 130 2210 1322 2162 1235 2260 1406 "S"
218 146 112 2324 1322 2283 1226 2379 1404 "h"
206 84 100 2453 1345 2403 1279 2494 1405 "a"
62 133 177 2565 1323 2524 1228 2619 1403 "h"
248 21 105 2691 1344 2641 1279 2731 1404 "a"
4 106 70 2801 1328 2760 1228 2859 1404 "b"

136 36 174 76 1912 59 1882 93 1940 "2"
244 60 229 113 1933 109 1930 118 1937 "."
82 254 121 152 1912 140 1884 165 1937 "1"
67 37 219 200 1908 181 1881 220 1935 "0"
