114 114 22 511 183 482 141 536 223 "a"
240 29 230 576 185 551 144 602 224 "u"
74 79 132 627 172 609 122 646 225 "t"
215 2 119 683 185 658 144 708 224 "u"
201 203 83 763 179 723 143 805 222 "m"
12 158 116 845 181 821 145 869 222 "n"
212 213 244 894 172 875 120 914 225 "/"
164 212 159 955 182 918 147 994 223 "w"
53 126 89 1010 181 1003 123 1018 224 "i"
34 50 207 1059 183 1036 147 1083 224 "n"
21 241 47 1108 178 1092 129 1127 227 "t"
45 144 211 1159 187 1135 148 1187 229 "e"
143 211 72 1211 182 1201 150 1235 225 "r"

95 14 68 1303 178 1278 125 1328 228 "2"
212 0 80 1362 177 1338 126 1386 229 "0"
190 141 97 1424 178 1401 128 1448 229 "0"
51 59 7 1481 175 1462 130 1489 228 "1"

#236 176 154 1507 551 1439 539 1584 562 " "

#9 118 168 1001 541 976 532 1028 550 " "

#209 15 28 998 560 977 552 1021 570 " "

#195 238 110 796 540 636 515 967 569 " "
