101 71 180 463 354 459 349 469 361 "W"
155 12 226 473 356 471 350 477 362 "E"
154 191 84 482 356 478 350 486 362 "S"
181 194 134 490 355 487 351 494 363 "T"

209 40 56 503 357 500 351 507 363 "B"
35 217 231 511 357 508 351 515 363 "U"
165 226 159 519 357 517 352 524 364 "R"
156 48 225 528 358 525 352 532 365 "N"
0 255 64 537 358 534 353 541 365 "S"
167 154 168 543 359 543 353 544 365 "I"
233 126 192 549 358 546 353 554 365 "D"
161 108 217 557 360 555 354 562 366 "E"

#255 0 255 598 63 594 47 603 80 " "

#214 80 89 603 110 593 108 613 112 " "

#222 163 248 450 112 448 109 453 115 " "
