#97 119 108 67 366 39 356 95 378 " "

44 57 232 86 197 68 177 106 219 "H"
201 203 83 125 204 111 189 141 221 "e"
51 30 18 162 205 147 189 177 220 "a"
138 137 159 189 200 185 178 198 220 "l"
12 158 116 211 201 201 179 222 221 "t"
104 79 184 241 201 230 179 257 221 "h"

123 114 246 302 201 284 180 323 223 "C"
53 126 89 343 206 330 191 358 223 "e"
240 13 211 379 206 366 193 393 223 "n"
180 58 68 409 203 399 182 421 223 "t"
83 102 166 433 206 427 194 445 223 "r"
34 50 207 464 208 451 193 478 224 "e"

94 16 161 84 272 64 248 104 294 "G"
3 236 76 118 274 111 261 131 293 "r"
230 115 76 149 277 135 261 164 294 "e"
49 180 5 185 278 171 262 201 295 "e"
173 170 14 222 277 209 262 237 294 "n"
229 42 29 264 278 241 263 289 294 "w"
255 39 202 306 279 292 264 322 295 "o"
20 157 216 342 279 328 264 358 295 "o"
217 230 117 381 276 363 251 394 296 "d"

66 89 39 440 273 423 252 458 295 "H"
143 211 72 479 280 465 265 494 296 "o"
45 144 211 513 281 499 265 527 296 "u"
35 32 135 545 280 533 264 559 296 "s"
166 184 100 577 279 564 264 591 296 "e"
