190 141 97 78 75 34 25 154 129 "C"
218 146 112 174 94 127 57 223 132 "o"
206 84 100 247 83 218 33 277 133 "l"
62 133 177 306 108 244 55 365 163 "g"
248 21 105 407 92 356 52 454 130 "a"
4 106 70 482 79 455 31 526 127 "t"
47 22 217 553 86 514 47 597 128 "e"

213 111 202 346 149 341 143 354 158 "F"
161 211 207 359 149 354 142 364 158 "l"
90 206 149 370 152 364 147 377 157 "u"
39 101 190 386 151 380 146 393 157 "o"
7 246 42 399 150 395 146 406 157 "r"
190 161 173 411 149 407 141 415 156 "i"
180 166 101 423 149 416 141 431 156 "d"
105 192 201 437 150 432 145 443 156 "e"

9 52 50 462 146 458 141 471 155 "T"
1 77 44 475 149 469 144 481 155 "o"
212 104 103 491 149 486 144 497 155 "o"
74 74 247 504 148 501 141 510 155 "t"
104 87 208 518 148 511 139 525 155 "h"
22 250 118 532 150 525 144 540 159 "p"
173 17 187 549 148 543 143 556 154 "a"
136 36 174 563 148 558 143 568 155 "s"
82 254 121 574 147 570 141 579 154 "t"
67 37 219 585 148 580 143 591 154 "e"
