128 223 245 39 263 22 249 59 286 "T"
216 211 69 71 270 55 249 85 286 "h"
139 217 116 98 272 87 260 113 286 "e"

17 101 67 160 264 142 249 178 286 "P"
246 165 8 192 270 176 249 208 286 "h"
247 189 121 222 272 210 259 236 286 "o"
184 21 235 247 270 238 250 258 286 "t"
96 225 224 273 272 260 259 287 286 "o"

11 206 40 339 265 326 247 353 285 "S"
91 244 123 370 276 355 259 387 297 "p"
138 138 98 403 271 391 258 418 285 "e"
92 39 143 433 271 422 258 449 285 "c"
135 229 247 460 269 451 246 472 285 "i"
96 197 245 488 271 474 257 505 284 "a"
64 97 155 513 265 503 245 526 284 "l"
195 198 132 536 266 526 245 548 283 "i"
48 167 177 559 269 549 256 570 283 "s"
238 16 74 583 267 572 247 596 283 "t"
3 111 117 608 268 598 255 620 282 "s"
