205 201 194 655 1910 530 1717 824 2162 "p"
73 212 104 915 1829 879 1609 953 2051 "l"
37 121 106 1160 1908 1004 1734 1291 2066 "a"
64 97 8 1493 1894 1361 1750 1627 2077 "n"

59 177 20 2013 1943 1856 1769 2143 2101 "a"
17 165 106 2266 1908 2213 1781 2391 2099 "r"
140 193 40 2461 1906 2392 1687 2538 2113 "t"

11 206 40 633 704 439 486 849 942 "V"
96 197 245 1185 746 1040 521 1331 973 "0"
151 61 89 1547 766 1377 537 1668 990 "3"

89 138 39 2192 792 2050 567 2337 1017 "0"
208 45 118 2521 810 2385 585 2667 1033 "6"
