59 177 20 144 95 118 76 173 121 "W"
17 165 106 186 97 177 76 204 119 "E"
152 24 21 217 100 211 76 238 119 "L"
255 255 0 257 96 240 74 283 119 "C"
14 249 139 311 97 288 75 334 119 "O"
240 188 220 365 96 342 75 386 118 "M"
61 14 202 404 97 395 75 423 119 "E"

49 148 109 463 92 446 75 481 119 "T"
175 116 146 506 97 483 75 530 119 "O"

164 181 141 62 202 35 178 85 228 "M"
140 193 40 111 209 90 183 130 228 "A"
252 64 106 149 205 135 183 170 228 "R"
11 169 214 189 206 175 182 213 228 "K"
140 151 135 233 206 219 181 248 229 "S"

33 177 54 299 208 283 182 322 229 "&"

90 125 219 364 203 349 175 380 229 "S"
30 114 234 397 200 385 182 415 228 "P"
113 141 130 430 205 420 182 449 228 "E"
184 140 168 474 203 453 182 493 228 "N"
78 217 94 519 204 501 181 546 229 "C"
191 250 175 560 203 550 182 580 227 "E"
116 148 176 596 204 581 182 620 227 "R"

21 241 47 67 390 49 366 93 416 "C"
149 154 29 121 391 97 367 146 417 "O"
242 218 70 156 396 148 368 177 417 "L"
160 129 91 192 397 185 368 214 417 "L"
203 92 127 230 392 220 368 250 417 "E"
225 155 193 273 393 254 368 300 419 "C"
2 116 73 323 389 306 369 342 418 "T"

172 210 85 378 394 364 369 397 418 "B"
247 11 26 416 388 396 369 439 417 "Y"

233 126 192 480 393 462 367 508 419 "C"
163 91 64 536 396 514 368 557 417 "A"
53 185 51 575 391 560 367 599 416 "R"
