#238 191 125 713 768 536 720 892 818 " "

#120 188 200 627 868 563 825 692 911 " "

113 217 254 191 771 161 724 231 820 "C"
165 226 159 256 772 241 726 271 819 "I"
248 43 217 324 774 283 723 364 821 "G"
237 184 55 408 780 371 732 449 819 "A"
160 122 213 488 774 459 729 530 819 "R"

4 212 169 415 870 375 826 456 916 "O"
234 13 204 503 869 470 826 539 914 "N"

130 169 137 350 957 323 924 389 1007 "P"
99 194 120 419 971 400 923 460 1006 "L"
223 38 177 493 963 469 923 527 1005 "E"
141 95 119 569 966 533 922 605 1004 "A"
207 32 202 637 962 611 921 665 1003 "S"
47 214 93 702 960 676 920 736 1000 "E"

90 229 10 486 1050 454 1012 519 1089 "N"
119 233 220 570 1049 534 1010 608 1089 "O"

181 235 93 387 1126 363 1098 423 1168 "P"
58 197 105 454 1135 421 1096 489 1168 "A"
152 147 108 521 1125 497 1096 558 1168 "P"
235 87 13 592 1130 569 1094 623 1166 "E"
223 154 135 664 1126 636 1092 697 1164 "R"
