108 225 132 572 488 516 380 658 596 "C"
82 174 214 736 507 650 419 824 596 "o"
241 73 144 921 503 830 419 1008 597 "n"
233 187 241 1084 510 1007 421 1154 600 "s"
166 179 235 1207 492 1162 385 1275 601 "t"
135 60 219 1311 506 1264 424 1383 602 "r"
153 62 12 1457 518 1372 425 1549 603 "u"
13 94 36 1600 518 1552 426 1664 604 "c"
183 6 28 1715 496 1669 390 1782 605 "t"
179 222 71 1849 519 1771 426 1923 606 "a"

174 219 28 739 775 700 742 776 810 "M"
154 32 50 829 787 805 761 853 812 "a"
64 238 80 909 782 882 739 935 813 "d"
253 54 120 978 786 959 762 1001 813 "e"

200 77 18 1260 781 1233 744 1292 815 "G"
139 187 67 1338 789 1319 764 1361 816 "e"
3 31 166 1399 786 1387 764 1420 815 "r"
9 125 90 1480 787 1441 764 1518 815 "m"
31 37 56 1571 791 1546 764 1596 817 "a"
203 212 93 1647 788 1622 764 1670 816 "n"
245 150 252 1716 797 1692 766 1744 838 "y"

19 59 69 1078 780 1068 742 1091 813 "i"
10 137 13 1137 785 1114 762 1161 814 "n"
