#12 158 116 275 129 207 113 345 145 " "

#21 5 123 293 157 208 140 376 176 " "

#11 206 40 276 182 210 166 343 198 " "

#140 151 135 257 205 211 192 302 219 " "

#209 40 56 169 86 146 73 195 99 " "

#161 108 217 168 120 147 106 192 134 " "

#78 94 102 175 146 149 131 202 161 " "

#156 48 225 173 181 152 167 197 196 " "

#113 217 254 170 206 154 192 187 221 " "

#165 226 159 171 229 156 215 189 243 " "

#155 12 226 270 233 213 220 327 248 " "

#101 71 180 171 254 158 241 186 268 " "

#70 42 56 304 262 215 247 395 277 " "

#130 169 137 301 285 217 269 394 300 " "

#118 122 121 279 310 219 296 344 323 " "

#99 194 120 169 314 162 303 176 325 " "

#223 38 177 178 343 166 329 191 357 " "

#109 41 218 190 380 167 362 215 397 " "

#224 98 62 197 452 173 434 223 470 " "

#52 18 150 260 419 237 407 285 431 " "

#166 57 191 351 428 313 417 390 439 " "

#141 168 243 349 533 284 518 416 548 " "

#167 240 112 352 564 287 550 417 581 " "

#83 102 166 330 588 248 568 417 606 " "

#213 165 65 605 162 572 153 639 171 " "

#24 228 159 602 129 519 100 686 172 " "

#66 21 159 606 216 534 147 676 268 " "

#47 147 4 607 190 576 180 638 200 " "

#7 246 42 122 2319 74 2299 172 2340 " "

#190 161 173 515 2299 478 2290 553 2308 " "

#180 166 101 533 2136 510 2122 556 2149 " "

#105 192 201 511 2185 490 2167 533 2200 " "

#9 52 50 619 2188 602 2171 637 2204 " "

#1 77 44 407 1718 377 1709 437 1727 " "

#86 23 143 585 1818 569 1796 601 1838 " "

#157 219 198 599 1783 586 1770 613 1798 " "

#216 166 200 634 1719 612 1710 657 1728 " "

#129 136 11 848 1782 833 1770 865 1796 " "

#107 97 56 839 1825 823 1811 856 1840 " "

#98 18 104 874 1713 850 1704 898 1722 " "

#208 84 249 1092 1778 1075 1764 1110 1795 " "

#23 113 231 1083 1820 1065 1803 1101 1837 " "

#13 120 72 1114 1713 1092 1704 1137 1722 " "

#29 41 146 1323 1779 1305 1765 1341 1794 " "

#153 41 134 1321 1815 1303 1801 1340 1829 " "

#116 219 114 1351 1712 1325 1703 1377 1721 " "

#79 250 28 1568 1779 1545 1765 1591 1795 " "

#181 184 55 1564 1813 1541 1798 1589 1828 " "

#87 149 176 1584 1714 1564 1705 1605 1723 " "

#128 223 245 1818 1710 1795 1701 1843 1720 " "

#141 109 108 1813 1777 1793 1761 1837 1793 " "

#139 217 116 1811 1815 1791 1801 1832 1831 " "

#17 101 67 2055 1780 2039 1768 2073 1793 " "

#246 165 8 2055 1710 2033 1701 2078 1720 " "

#247 189 121 2058 1813 2039 1799 2077 1828 " "

#184 21 235 2145 1813 2127 1797 2163 1829 " "

#96 225 224 2292 1708 2264 1699 2320 1717 " "

#60 110 143 2286 1774 2270 1760 2303 1788 " "

#91 244 123 2298 1813 2279 1797 2317 1830 " "

#138 138 98 2389 1811 2371 1795 2408 1829 " "

#92 39 143 2522 1708 2496 1699 2548 1718 " "

#135 229 247 2532 1781 2522 1767 2543 1796 " "

#50 59 74 2543 1814 2525 1802 2561 1828 " "

#64 97 155 2763 1709 2726 1700 2801 1718 " "

#195 198 132 2774 1776 2756 1767 2793 1785 " "

#48 167 177 2780 1811 2763 1798 2799 1824 " "

#238 16 74 2994 1708 2961 1698 3028 1718 " "

#3 111 117 3013 1778 2996 1761 3033 1797 " "

#106 158 47 3028 1810 3011 1797 3046 1823 " "

#80 16 239 3229 1706 3187 1697 3273 1716 " "

#129 200 155 3246 1772 3232 1760 3260 1786 " "

#40 41 67 3259 1811 3241 1798 3276 1826 " "

#233 246 138 3482 1702 3429 1692 3534 1714 " "

#161 71 158 3486 1722 3437 1712 3538 1731 " "

#49 72 129 3423 1883 3407 1874 3440 1893 " "

#164 205 108 3448 1924 3424 1910 3472 1938 " "

#129 222 158 3234 2125 3207 2116 3262 2135 " "

#152 140 163 3557 1997 3543 1988 3571 2007 " "

#154 255 16 3583 2040 3565 2031 3602 2050 " "

#207 205 67 3542 2286 3499 2266 3586 2308 " "

#80 199 87 3711 1700 3671 1690 3752 1711 " "

#189 191 89 3727 1724 3665 1714 3789 1734 " "

#3 39 28 2963 2128 2945 2117 2984 2142 " "

#93 127 40 2695 2132 2678 2121 2712 2145 " "

#185 95 137 2900 2293 2839 2277 2964 2309 " "

#78 52 73 1127 2301 1090 2284 1165 2320 " "

#229 60 96 692 1896 662 1877 719 1917 " "

#152 2 222 714 2011 693 1992 733 2025 " "

#13 178 66 803 2138 782 2121 827 2163 " "

#20 182 43 954 1894 924 1879 986 1910 " "

#184 187 236 971 2008 951 1991 989 2024 " "

#226 115 47 1075 2137 1057 2120 1093 2152 " "

#125 126 81 1181 1886 1169 1876 1202 1898 " "

#132 216 29 1234 2006 1212 1988 1259 2026 " "

#1 31 211 1345 2133 1327 2115 1370 2153 " "

#107 80 190 1441 1882 1422 1871 1461 1896 " "

#67 214 22 1483 2003 1472 1987 1507 2023 " "

#25 131 33 1623 2131 1601 2117 1646 2152 " "

#152 24 21 1694 1880 1675 1869 1715 1900 " "

#46 44 43 1759 2004 1738 1985 1783 2022 " "

#14 249 139 1942 1889 1923 1872 1961 1907 " "

#240 188 220 1887 2126 1866 2109 1912 2143 " "

#61 14 202 2016 1999 1993 1986 2042 2014 " "

#49 148 109 2195 1889 2172 1872 2217 1904 " "

#175 116 146 2163 2127 2140 2113 2188 2142 " "

#164 181 141 2275 2007 2256 1990 2289 2020 " "

#94 213 144 2428 1889 2421 1875 2436 1903 " "

#252 64 106 2435 2127 2409 2112 2463 2141 " "

#2 118 128 2529 2001 2512 1985 2550 2019 " "

#107 23 75 2697 1886 2672 1867 2723 1905 " "

#33 177 54 2786 2003 2771 1984 2808 2016 " "

#90 125 219 2931 1880 2915 1869 2950 1897 " "

#30 114 234 3057 2006 3031 1987 3085 2025 " "

#113 141 130 3190 1894 3166 1878 3213 1907 " "

#184 140 168 3314 2008 3296 1989 3340 2025 " "

#78 217 94 609 226 589 213 629 239 " "

#94 137 63 335 505 256 486 415 523 " "

#1 39 202 747 299 713 233 785 363 " "

#18 157 216 800 292 776 225 830 353 " "

#121 244 77 841 287 819 216 861 344 " "

#49 180 5 714 320 641 175 858 425 " "

#201 234 178 290 104 207 88 375 122 " "

#34 161 59 348 368 327 361 370 375 " "

#90 206 149 3841 713 3796 672 3887 755 " "

229 197 201 1354 860 1307 805 1412 925 "R"
68 142 44 1471 866 1434 809 1531 924 "E"
241 73 144 1596 868 1548 808 1647 928 "S"
233 187 241 1706 867 1667 810 1766 926 "E"
166 179 235 1831 862 1783 808 1890 928 "R"
1 113 235 1951 861 1897 802 2004 925 "V"
135 60 219 2064 860 2024 799 2124 921 "E"
153 62 12 2191 856 2141 796 2249 918 "D"

13 94 36 2343 838 2313 788 2399 914 "F"
183 6 28 2477 844 2415 782 2539 908 "O"
179 222 71 2607 834 2558 777 2667 904 "R"

9 125 90 1326 1049 1278 994 1384 1115 "R"
138 43 65 1445 1054 1408 997 1504 1112 "E"
125 48 250 1580 1058 1521 997 1641 1116 "G"
3 31 166 1719 1062 1666 997 1772 1119 "U"
48 134 84 1825 1072 1799 999 1890 1116 "L"
89 170 149 1953 1063 1898 997 2013 1118 "A"
9 19 104 2077 1050 2030 996 2136 1117 "R"

139 187 67 2254 1049 2199 986 2309 1114 "H"
200 77 18 2348 1047 2334 985 2363 1110 "I"
136 137 159 2458 1041 2378 979 2534 1106 "W"
251 27 65 2568 1039 2555 978 2583 1101 "I"
102 79 184 2656 1036 2608 974 2707 1098 "S"

121 114 246 1585 1430 1532 1387 1639 1513 "T"
31 37 56 1689 1453 1652 1384 1739 1514 "h"
238 13 211 1806 1467 1759 1420 1849 1512 "a"
178 58 68 1910 1461 1869 1420 1953 1511 "n"
81 102 166 2009 1457 1978 1387 2061 1512 "k"

201 11 51 2157 1479 2116 1419 2201 1546 "y"
92 16 161 2260 1461 2214 1416 2307 1507 "o"
203 212 93 2370 1462 2325 1411 2414 1505 "u"
245 150 252 2451 1431 2436 1375 2468 1502 "!"
