154 32 50 340 690 310 657 384 739 "F"
190 170 53 406 701 393 658 419 741 "i"
64 238 80 449 705 433 680 476 740 "r"
253 54 120 515 712 480 681 552 744 "e"

125 158 246 630 715 594 683 663 746 "a"
173 220 73 687 704 675 664 700 745 "l"
242 20 79 743 716 708 685 775 747 "a"
45 210 19 804 710 785 685 835 746 "r"
38 183 132 891 713 837 685 945 746 "m"

145 34 246 377 835 348 808 412 863 "c"
209 2 216 451 837 419 809 484 865 "a"
19 175 238 504 828 493 793 515 865 "l"
89 186 33 539 829 529 794 550 866 "l"

34 161 59 629 844 599 813 669 886 "p"
50 183 48 711 840 675 813 747 869 "o"
71 244 207 768 834 756 797 780 867 "i"
235 33 54 824 839 791 814 857 867 "n"
162 75 221 884 834 867 801 906 867 "t"
