#242 218 70 1788 200 1558 0 1985 403 " "

#88 16 220 1039 672 617 0 1563 1237 " "

216 166 200 679 1616 595 1543 770 1690 "w"
107 97 56 842 1618 794 1546 902 1697 "e"

98 18 104 1033 1639 986 1549 1097 1761 "p"
208 84 249 1155 1612 1131 1552 1205 1697 "r"
60 110 143 1281 1626 1223 1552 1340 1702 "o"
91 244 123 1412 1627 1364 1555 1475 1704 "c"
138 138 98 1538 1627 1490 1556 1594 1705 "e"
108 225 132 1659 1633 1617 1557 1704 1706 "s"
241 73 144 1762 1634 1719 1557 1807 1707 "s"

184 21 235 1921 1649 1859 1563 1977 1768 "y"
233 187 241 2050 1635 1993 1561 2107 1709 "o"
87 149 176 2188 1641 2132 1566 2242 1709 "u"
166 179 235 2297 1626 2270 1566 2342 1708 "r"

135 60 219 2459 1657 2408 1569 2519 1775 "p"
153 62 12 2567 1631 2539 1571 2610 1713 "r"
17 101 67 2683 1645 2630 1574 2738 1717 "o"
13 94 36 2803 1645 2757 1575 2868 1720 "c"
1 77 44 2916 1645 2872 1578 2974 1720 "e"
9 52 50 3027 1652 2985 1579 3071 1721 "s"
183 6 28 3120 1653 3076 1580 3164 1723 "s"

193 156 124 461 2063 403 1927 525 2198 "D"
140 205 248 601 2110 555 2019 655 2204 "e"
35 32 135 721 2113 669 2023 774 2201 "z"
166 184 100 812 2189 798 2176 826 2202 "."

76 149 135 1003 2065 944 1932 1055 2198 "2"
141 90 176 1152 2066 1096 1932 1210 2199 "0"
153 45 78 1300 2053 1261 1936 1313 2195 "1"
177 61 231 1447 2065 1391 1933 1504 2198 "0"

179 222 71 1983 2079 1939 1933 2005 2200 "J"
200 77 18 2091 2107 2040 2016 2141 2199 "a"
66 21 159 2218 2099 2170 2017 2271 2193 "n"
254 38 0 2346 2110 2295 2019 2393 2196 "u"
139 187 67 2470 2106 2420 2016 2521 2196 "a"
47 147 4 2564 2095 2544 2018 2592 2192 "r"

213 111 202 3161 2047 3126 1940 3217 2191 "F"
3 31 166 3286 2105 3241 2018 3336 2194 "e"
9 125 90 3388 2079 3329 1925 3448 2193 "b"
39 101 190 3485 2095 3460 2019 3508 2189 "r"
31 37 56 3582 2109 3526 2021 3630 2192 "u"
203 212 93 3695 2105 3645 2019 3749 2191 "a"
245 150 252 3781 2094 3754 2019 3805 2188 "r"

115 143 179 3110 2435 3068 2348 3138 2541 "1"

135 229 247 1839 2452 1803 2360 1859 2562 "1"

50 59 74 1982 2522 1964 2480 2000 2564 "S"
64 97 155 2021 2534 2007 2506 2036 2562 "a"

195 198 132 2169 2516 2151 2476 2187 2556 "N"
48 167 177 2210 2528 2197 2500 2226 2557 "e"
238 16 74 2247 2530 2233 2502 2262 2556 "u"
3 111 117 2276 2531 2268 2479 2283 2575 "j"
106 158 47 2303 2526 2288 2499 2319 2555 "a"
80 16 239 2338 2514 2324 2468 2357 2553 "h"
129 200 155 2370 2522 2365 2499 2379 2553 "r"

177 222 96 450 2470 420 2374 471 2585 "1"

8 173 128 606 2546 577 2504 633 2587 "M"
103 233 65 648 2551 645 2509 653 2585 "i"

67 64 83 3248 2502 3230 2464 3266 2541 "D"
126 175 138 3277 2506 3268 2468 3285 2541 "i"
