#255 115 18 356 439 219 310 500 555 " "

#163 2 63 551 396 438 315 686 460 " "

#3 142 181 722 409 599 371 854 464 " "

#103 50 81 932 430 787 293 1038 566 " "

34 12 105 358 619 336 584 382 657 "H"
127 36 208 414 630 393 604 437 656 "o"
40 63 24 481 628 450 605 513 657 "m"
203 169 192 547 632 526 607 569 658 "o"
217 255 1 600 642 580 608 619 679 "g"
100 228 189 648 634 631 610 669 662 "e"
10 137 13 701 637 682 614 722 665 "n"
195 217 154 744 634 738 597 752 667 "i"
6 142 64 780 644 763 620 803 671 "c"
