161 71 158 1472 661 1386 594 1537 723 "M"
49 72 129 1601 675 1558 627 1648 720 "u"
164 205 108 1684 643 1662 574 1706 713 "l"
129 222 158 1739 652 1719 591 1770 713 "t"
152 140 163 1797 647 1778 570 1821 709 "i"
154 255 16 1869 646 1826 578 1909 709 "S"
207 205 67 1963 665 1928 614 2016 760 "y"
80 199 87 2062 651 2016 608 2105 699 "n"
189 191 89 2149 653 2123 605 2204 698 "c"

3 39 28 2296 635 2271 565 2339 692 "L"
93 127 40 2402 624 2364 556 2482 689 "C"
185 95 137 2552 618 2490 556 2620 683 "D"
229 60 96 2669 632 2632 585 2698 676 "2"
78 52 73 2739 630 2701 583 2763 672 "4"
152 2 222 2811 609 2780 581 2847 671 "7"
13 178 66 2887 622 2854 577 2921 670 "0"
20 182 43 2988 616 2936 570 3064 666 "W"
184 187 236 3105 608 3075 566 3156 660 "V"
226 115 47 3198 609 3160 563 3237 657 "X"
