132 216 29 460 382 372 277 571 488 "C"
1 31 211 655 422 589 335 739 526 "y"
107 80 190 808 413 744 340 889 489 "c"
67 214 22 941 395 914 286 987 491 "l"
25 131 33 1074 416 1005 341 1149 494 "e"
152 24 21 1276 420 1162 349 1387 496 "w"
46 44 43 1486 428 1413 351 1561 502 "a"
14 249 139 1648 442 1576 352 1723 547 "y"

33 177 54 657 677 565 565 770 791 "C"
164 181 141 821 695 792 579 866 797 "l"
175 116 146 962 715 886 637 1039 796 "o"
49 148 109 1126 719 1055 639 1191 799 "s"
61 14 202 1289 722 1218 643 1366 803 "e"
240 188 220 1478 712 1386 592 1546 808 "d"

90 125 219 691 1013 582 888 796 1115 "A"
107 23 75 884 1013 816 890 969 1116 "h"
2 118 128 1071 1035 998 952 1149 1119 "e"
252 64 106 1252 1042 1174 956 1331 1123 "a"
94 213 144 1449 1028 1354 901 1518 1128 "d"
