245 150 252 661 339 635 309 689 370 "D"
19 59 69 720 340 709 310 732 370 "I"
9 125 90 775 335 753 296 805 372 "G"
154 32 50 830 339 819 310 842 370 "I"
166 179 235 875 336 861 298 895 373 "t"
3 31 166 938 344 915 310 964 373 "a"
253 54 120 996 336 981 291 1023 372 "L"

125 158 246 894 406 879 395 911 418 "m"
173 220 73 929 406 920 395 940 419 "u"
242 20 79 953 405 948 388 963 419 "L"
145 34 246 974 405 969 390 982 420 "t"
50 183 48 993 407 989 396 998 419 "I"
139 225 157 1022 407 1007 396 1039 419 "m"
176 218 31 1053 407 1045 396 1063 420 "e"
2 153 202 1079 408 1070 396 1090 420 "D"
157 114 185 1102 407 1098 396 1106 419 "I"
128 44 73 1122 409 1113 396 1133 420 "a"

153 197 126 944 789 940 783 950 797 "N"
128 233 213 956 791 956 783 957 797 "i"
191 214 103 966 793 962 787 970 802 "g"
126 214 20 977 792 974 787 982 798 "e"
142 220 45 987 790 987 783 988 797 "l"

239 131 102 1005 789 1001 782 1011 798 "C"
97 73 87 1018 790 1015 782 1023 797 "h"
143 105 255 1031 792 1028 786 1035 797 "a"
209 205 97 1043 792 1040 786 1048 802 "p"
156 157 30 1058 790 1052 786 1065 797 "m"
114 114 22 1073 791 1069 786 1077 797 "a"
240 29 230 1085 790 1082 786 1089 796 "n"

74 79 132 1106 791 1102 786 1110 797 "a"
215 2 119 1117 790 1114 786 1122 796 "n"
44 57 232 1131 789 1126 781 1135 796 "d"

201 203 83 943 823 939 815 945 830 "J"
51 30 18 952 824 949 819 956 830 "e"
12 158 116 965 823 961 819 969 829 "n"
164 212 159 977 823 974 819 981 829 "n"
53 126 89 989 825 985 819 994 834 "y"

34 50 207 1009 821 1006 814 1015 830 "C"
207 204 244 1022 822 1019 814 1027 829 "h"
45 144 211 1035 823 1032 818 1039 829 "a"
143 211 72 1047 824 1044 818 1052 833 "p"
43 247 192 1062 822 1056 818 1070 828 "m"
217 230 117 1077 823 1074 818 1081 829 "a"
229 42 29 1089 822 1086 818 1094 828 "n"

51 59 7 672 899 660 891 685 911 "W"
95 14 68 690 901 689 891 692 911 "I"
212 0 80 700 902 698 891 708 911 "L"
190 141 97 716 901 711 891 723 911 "E"
21 5 123 732 899 725 891 740 911 "Y"

#212 213 244 656 676 630 653 688 701 " "

#135 129 120 772 719 768 708 781 731 " "
