21 241 47 1523 897 1445 807 1601 988 "O"
149 154 29 1639 893 1622 800 1658 987 "l"
225 155 193 1730 922 1677 856 1787 991 "e"
233 126 192 1850 948 1795 860 1909 1036 "g"

167 154 168 2034 903 1983 821 2098 994 "R"
181 194 134 2164 931 2107 865 2222 997 "o"
154 191 84 2275 933 2235 868 2317 998 "s"
35 217 231 2358 919 2319 842 2398 1000 "t"
144 85 209 2457 939 2405 872 2501 1001 "a"
78 94 102 2574 934 2526 875 2625 1002 "n"
156 48 225 2665 919 2645 828 2685 1003 "i"
113 217 254 2752 937 2703 878 2803 1005 "n"

165 226 159 1749 1341 1675 1247 1822 1421 "A"
155 12 226 1873 1356 1831 1289 1917 1422 "s"
101 71 180 1952 1334 1934 1240 1972 1420 "i"
70 42 56 2023 1319 1986 1236 2063 1419 "f"

130 169 137 2170 1335 2119 1246 2221 1420 "S"
118 122 121 2284 1336 2240 1238 2341 1418 "h"
99 194 120 2412 1357 2360 1290 2456 1419 "a"
223 38 177 2524 1336 2481 1239 2580 1417 "h"
109 41 218 2650 1357 2598 1290 2693 1418 "a"
224 98 62 2759 1340 2716 1239 2820 1418 "b"

194 203 29 34 1925 12 1891 53 1956 "2"
14 109 241 71 1946 65 1940 78 1953 "."
15 132 7 112 1924 94 1891 130 1953 "1"
32 30 161 158 1919 136 1889 181 1952 "0"
