231 197 201 110 201 95 182 129 220 "D"
70 142 44 161 200 141 181 181 221 "O"
220 8 54 201 205 194 182 221 221 "L"
141 168 243 239 204 232 181 259 220 "L"
242 190 254 285 203 267 180 302 220 "A"
24 228 159 325 200 312 181 347 220 "R"

127 48 250 404 200 387 180 423 220 "G"
167 240 112 443 203 435 180 461 220 "L"
50 134 84 480 199 471 180 496 219 "E"
91 170 149 527 197 505 179 547 219 "N"

245 252 230 284 268 271 251 297 280 "A"
125 190 202 320 264 306 251 335 280 "N"
253 27 65 358 266 345 252 373 280 "D"

205 153 20 77 327 64 310 97 345 "C"
180 58 68 118 331 102 309 135 347 "A"
83 102 166 148 327 138 310 160 346 "S"
203 11 51 185 323 167 310 203 347 "T"
94 16 161 217 332 210 310 237 348 "L"
49 180 5 252 330 243 311 269 349 "E"

20 157 216 319 330 305 312 340 349 "C"
121 244 77 363 332 345 311 379 348 "A"
140 205 248 405 329 384 310 423 348 "M"
166 184 100 441 325 432 310 456 347 "P"
76 149 135 476 328 465 310 489 346 "B"
141 90 176 505 327 497 308 520 345 "E"
153 45 78 534 329 526 308 552 345 "L"
177 61 231 565 328 557 307 583 344 "L"
