253 54 120 1257 1264 1198 1212 1330 1339 "p"
50 73 18 1368 1249 1341 1211 1418 1301 "r"
125 158 246 1447 1242 1428 1179 1467 1300 "i"
173 220 73 1533 1253 1474 1210 1595 1300 "v"
242 20 79 1619 1241 1600 1179 1639 1299 "i"
102 64 68 1671 1237 1652 1178 1691 1298 "l"
196 107 208 1764 1253 1705 1209 1827 1298 "e"
50 183 48 1902 1271 1840 1209 1964 1333 "g"

153 197 126 2083 1238 2038 1177 2125 1296 "8"
145 34 246 2184 1235 2137 1176 2231 1295 "0"
139 225 157 2272 1231 2252 1181 2297 1291 "1"
176 218 31 2366 1224 2318 1181 2419 1290 "7"
