70 42 56 107 201 81 171 135 231 "B"
130 169 137 167 209 142 185 194 234 "e"
183 6 28 227 211 200 186 252 235 "a"
118 122 121 275 207 262 187 295 234 "r"
223 38 177 329 207 300 173 352 236 "d"
52 18 150 397 211 358 189 437 236 "w"
154 32 50 467 213 442 189 494 238 "e"
166 57 191 512 206 503 175 521 237 "l"
8 137 13 542 207 533 176 551 238 "l"

53 126 89 92 268 79 251 110 286 "C"
164 212 159 126 273 114 261 139 287 "o"
242 20 79 155 272 145 261 166 286 "n"
12 158 116 182 274 172 261 194 288 "s"
196 107 208 203 271 197 254 210 287 "t"
50 183 48 218 272 214 263 228 287 "r"
34 161 59 243 277 232 263 254 289 "u"
145 34 246 270 275 259 263 283 289 "c"
74 79 132 291 272 285 256 298 289 "t"
240 29 230 305 273 303 255 307 289 "i"
156 157 30 325 277 313 264 338 290 "o"
157 114 185 354 275 344 265 366 290 "n"

128 44 73 395 278 389 256 412 291 "L"
153 197 126 420 274 418 256 423 291 "i"
128 233 213 448 277 430 266 468 292 "m"
191 83 204 477 275 475 257 479 292 "i"
191 214 103 490 275 484 258 497 292 "t"
209 205 97 512 279 500 267 525 293 "e"
143 105 255 543 277 529 258 553 293 "d"

209 40 56 28 363 23 356 36 371 "c"
161 108 217 45 363 38 356 52 371 "o"
43 247 192 61 363 54 357 68 372 "n"
155 12 226 76 364 70 357 82 373 "s"
212 0 80 87 363 84 354 92 373 "t"
24 31 130 96 364 92 358 102 373 "r"
101 71 180 109 366 103 359 117 373 "u"
165 226 159 125 366 119 359 133 374 "c"
78 94 102 138 364 135 355 142 374 "t"
156 48 225 146 365 143 355 150 374 "i"
4 106 70 158 367 151 360 165 375 "o"
113 217 254 174 367 167 360 182 375 "n"

17 165 106 220 367 216 362 226 376 "r"
59 177 20 233 369 227 362 240 377 "e"
64 97 8 246 366 243 357 252 377 "f"
37 121 106 259 370 252 363 267 378 "u"
73 212 104 272 369 268 363 279 378 "r"
173 17 187 286 369 279 358 294 378 "b"
205 201 194 299 369 296 358 303 379 "i"
208 45 118 310 371 304 363 317 379 "s"
67 37 219 325 369 318 359 333 379 "h"
89 138 39 347 371 335 364 359 379 "m"
216 211 69 367 372 361 365 375 380 "e"
96 197 245 384 372 377 365 392 380 "n"
151 61 89 398 370 395 361 403 381 "t"

140 193 40 447 372 436 366 459 381 "m"
11 169 214 468 373 461 366 475 381 "a"
140 151 135 480 371 477 361 484 381 "i"
21 241 47 492 373 484 366 499 381 "n"
149 154 29 505 371 502 362 510 382 "t"
225 155 193 517 374 511 367 525 382 "e"
233 126 192 534 374 527 367 542 382 "n"
167 154 168 551 375 544 367 558 383 "a"
181 194 134 567 374 560 367 575 382 "n"
154 191 84 583 375 577 367 591 383 "c"
144 85 209 600 375 594 367 607 383 "e"

#3 31 166 82 466 0 452 169 479 " "

#9 125 90 206 472 178 461 249 479 " "

#203 212 93 308 476 264 473 352 479 " "

#245 150 252 496 476 365 466 639 479 " "

#19 59 69 199 368 194 363 205 374 " "

#10 137 13 419 373 414 368 425 379 " "
