208 77 115 122 598 92 564 158 632 "C"
59 208 160 173 622 165 615 181 629 "."
255 113 235 223 596 193 563 259 630 "C"
242 190 254 274 620 266 613 282 628 "."
141 168 243 320 586 292 563 350 628 "T"
220 8 54 364 619 356 612 372 627 "."
70 142 44 412 591 381 562 443 627 "V"
231 197 201 460 619 452 612 468 626 "."

97 40 27 549 592 535 560 624 625 "I"
101 5 20 595 592 564 560 628 625 "N"

70 194 219 90 691 54 655 127 727 "O"
167 240 112 162 683 136 655 197 724 "P"
125 190 202 231 688 206 654 264 723 "E"
138 137 159 305 685 275 654 338 723 "R"
104 79 184 380 690 345 653 416 722 "A"
123 114 246 449 676 419 652 479 721 "T"
205 153 20 495 686 487 652 504 721 "I"
180 58 68 550 686 514 650 588 723 "O"
94 16 161 629 685 596 651 663 720 "N"
