245 150 252 1682 803 1518 576 1832 1035 "S"
203 212 93 1970 864 1800 695 2144 1026 "u"
31 37 56 2318 846 2143 687 2482 1022 "n"

241 73 144 1605 1125 1551 1093 1663 1166 "m"
233 187 241 1695 1116 1681 1063 1705 1162 "i"
166 179 235 1748 1127 1725 1090 1783 1164 "c"
135 60 219 1812 1118 1800 1088 1840 1160 "r"
153 62 12 1891 1124 1854 1088 1931 1161 "o"
13 94 36 1968 1123 1943 1086 1994 1160 "s"
183 6 28 2034 1133 2001 1087 2067 1189 "y"
179 222 71 2104 1122 2079 1084 2130 1159 "s"
200 77 18 2161 1111 2135 1067 2189 1158 "t"
139 187 67 2232 1118 2201 1082 2268 1157 "e"
3 31 166 2339 1112 2289 1081 2395 1153 "m"
9 125 90 2436 1118 2411 1080 2462 1156 "s"
