34 50 207 86 287 67 272 107 303 "O"
45 144 211 125 292 111 281 140 304 "s"
128 233 213 157 290 144 273 174 304 "b"
142 220 45 192 293 178 282 207 305 "o"
239 131 102 221 290 212 282 236 304 "r"
97 73 87 252 292 239 282 267 304 "n"
44 57 232 286 294 272 283 300 305 "e"

114 114 22 347 290 327 274 367 306 "G"
215 2 119 387 294 372 283 401 306 "a"
201 203 83 415 292 406 284 430 306 "r"
51 30 18 448 295 433 284 462 307 "a"
12 158 116 483 299 467 284 498 316 "g"
164 212 159 516 295 502 284 531 307 "e"
53 126 89 550 295 536 284 565 307 "s"

#64 238 80 483 476 441 474 525 479 " "

#50 73 18 429 371 398 367 461 375 " "

#253 54 120 596 432 546 426 639 439 " "
