21 241 47 67 247 53 229 82 266 "R"
14 115 150 100 248 88 230 116 266 "E"
47 22 217 136 247 121 230 152 266 "D"

212 104 103 178 250 170 230 196 266 "L"
74 74 247 207 249 202 231 214 267 "I"
104 87 208 233 248 216 230 251 268 "O"
173 17 187 268 247 251 231 285 268 "N"

136 36 174 319 247 305 231 336 268 "Y"
82 254 121 351 253 334 231 366 268 "A"
67 37 219 385 249 371 231 402 268 "R"
244 60 229 423 249 407 231 441 268 "D"

96 197 245 470 249 457 230 483 269 "S"
151 61 89 503 249 485 232 521 268 "H"
208 45 118 539 250 522 231 557 269 "O"
118 122 121 570 247 557 232 586 269 "P"
64 97 8 602 250 589 231 616 270 "S"

149 154 29 214 325 201 313 228 339 "H"
225 155 193 238 326 234 314 243 339 "I"
167 154 168 257 327 245 313 271 340 "G"
181 194 134 286 327 273 314 299 340 "H"

35 217 231 325 328 315 314 336 341 "S"
144 85 209 349 324 338 314 361 340 "T"
130 169 137 375 327 365 314 389 340 "R"
161 108 217 402 327 393 315 415 340 "E"
78 94 102 427 327 419 315 440 340 "E"
156 48 225 453 325 442 315 465 340 "T"
