191 214 103 946 602 916 472 978 698 "i"
191 83 204 1101 589 987 472 1208 700 "M"
126 214 20 1273 626 1212 533 1336 705 "a"
239 131 102 1376 618 1331 533 1445 704 "c"

#37 215 54 2480 2119 2427 2097 2539 2146 " "

#167 206 142 1985 2148 1918 2128 2053 2168 " "

#105 60 191 1442 2168 1386 2143 1494 2194 " "

#67 135 40 511 2216 448 2187 576 2247 " "

#130 198 121 1556 2489 1507 2444 1606 2531 " "

#161 249 21 1515 2385 1472 2342 1561 2430 " "

#109 247 31 2031 2347 2010 2327 2055 2367 " "

#177 159 62 2068 2437 2050 2419 2090 2457 " "

#29 217 198 2726 2418 2626 2398 2826 2438 " "

#255 140 75 3654 2062 3581 2039 3726 2086 " "

#134 76 182 2958 2101 2898 2075 3019 2128 " "
