82 174 214 153 210 147 202 162 224 "T"
241 73 144 170 212 161 201 181 223 "H"
233 187 241 189 211 182 200 198 223 "E"

135 60 219 223 209 214 198 234 222 "D"
153 62 12 245 208 235 196 255 221 "O"
13 94 36 263 210 257 196 273 220 "L"
183 6 28 281 208 275 194 291 219 "L"
179 222 71 303 205 293 193 313 219 "A"
200 77 18 326 204 316 192 336 218 "R"

9 125 90 369 201 357 189 380 215 "A"
203 212 93 396 200 386 188 408 214 "R"
10 137 13 427 199 413 186 442 213 "M"
64 238 80 457 197 446 184 469 211 "S"
