240 29 230 124 329 66 259 181 401 "N"
74 79 132 228 329 211 260 244 400 "I"
215 2 119 328 332 274 257 384 401 "G"
44 57 232 470 327 415 257 526 400 "H"
12 158 116 602 303 544 256 660 398 "T"

53 126 89 816 324 777 254 875 398 "E"
209 205 97 959 324 903 255 1016 396 "X"
248 21 105 1060 322 1045 254 1078 393 "I"
212 213 244 1159 299 1104 251 1220 393 "T"

218 146 112 562 522 506 455 619 590 "O"
24 31 130 701 521 649 455 753 588 "N"

212 0 80 268 689 234 640 325 767 "F"
207 204 244 390 720 360 642 454 767 "L"
43 247 192 532 702 476 638 588 767 "O"
143 211 72 664 701 609 637 721 766 "O"
229 42 29 790 694 746 636 842 764 "R"

95 14 68 1005 696 945 634 1054 762 "4"
