73 212 104 147 140 137 125 159 156 "S"
120 135 126 172 145 161 133 182 156 "a"
89 138 39 189 141 186 126 192 156 "i"
37 121 106 207 144 197 133 218 156 "n"
11 169 214 229 144 221 133 239 156 "s"
59 177 20 250 141 241 125 263 156 "b"
140 151 135 276 142 266 131 286 154 "u"
233 126 192 295 139 291 129 306 153 "r"
181 194 134 317 142 308 129 329 160 "y"
154 191 84 334 124 331 120 337 130 "'"
209 40 56 343 139 335 127 353 151 "s"

216 211 69 43 223 30 194 60 253 "E"
244 60 229 89 222 67 191 113 253 "C"
67 37 219 152 223 120 192 186 254 "O"
82 254 121 224 222 195 194 254 252 "N"
104 87 208 296 221 263 190 330 252 "O"
74 74 247 372 220 335 190 412 250 "M"
212 104 103 441 214 413 190 468 250 "Y"

70 142 44 131 315 124 293 147 330 "L"
97 40 27 165 311 146 292 185 331 "O"
101 5 20 205 310 189 292 223 330 "N"
220 8 54 245 312 228 291 264 331 "G"

141 168 243 290 314 283 292 306 330 "L"
255 113 235 313 310 309 291 317 330 "I"
59 208 160 330 307 323 291 344 329 "F"
140 6 117 357 310 348 291 372 329 "E"

52 18 150 62 390 24 348 100 433 "O"
70 42 56 133 389 109 350 171 431 "R"
155 12 226 213 395 173 349 251 431 "A"
118 122 121 294 389 257 349 332 431 "N"
99 194 120 379 392 342 347 418 433 "G"
223 38 177 446 390 427 349 476 431 "E"

166 57 191 120 504 98 450 132 551 "J"
94 137 63 178 494 144 451 213 534 "U"
14 109 241 234 491 226 451 242 532 "I"
40 108 227 283 492 253 449 326 535 "C"
65 63 3 354 491 336 451 386 532 "E"
