153 197 126 120 257 86 219 166 314 "P"

139 187 67 230 226 215 208 252 253 "P"
3 31 166 274 238 257 220 290 255 "a"
82 174 214 305 234 299 222 319 254 "r"
108 225 132 341 235 329 211 361 254 "k"

135 60 219 406 235 388 210 427 255 "&"

153 62 12 474 231 457 211 497 255 "R"
13 94 36 509 235 504 211 515 255 "i"
183 6 28 542 236 523 212 557 256 "d"
179 222 71 578 239 563 223 595 257 "e"

125 158 246 236 298 214 273 256 322 "S"
203 212 93 282 305 265 287 299 322 "a"
19 59 69 317 299 305 275 330 322 "t"
9 125 90 350 305 335 287 366 323 "s"
10 137 13 380 317 375 313 385 323 "."

174 219 28 430 305 413 288 447 323 "o"
154 32 50 471 303 456 288 488 322 "n"
64 238 80 502 301 496 277 514 323 "l"
253 54 120 532 309 516 289 548 334 "y"
