174 219 28 205 401 188 385 223 418 "G"
143 105 255 239 407 229 394 250 418 "u"
97 73 87 258 402 256 386 260 418 "i"
156 157 30 279 404 265 386 290 418 "d"
114 114 22 308 405 296 393 321 418 "e"
34 50 207 334 405 325 394 344 417 "x"

74 79 132 367 398 362 386 378 418 "F"
215 2 119 395 405 383 392 409 418 "o"
44 57 232 415 402 413 386 417 418 "l"
51 30 18 437 403 422 385 448 418 "d"
12 158 116 465 404 453 392 479 418 "e"
164 212 159 486 403 483 393 493 417 "r"
53 126 89 502 405 495 392 511 418 "s"
