96 197 245 27 116 10 93 47 132 "A"
45 144 211 67 113 45 94 87 134 "N"
34 50 207 105 113 91 95 126 133 "C"
143 211 72 135 114 131 96 141 133 "I"
217 230 117 158 116 147 96 175 135 "E"
43 247 192 198 115 178 97 218 135 "N"
135 129 120 241 111 224 98 260 137 "T"

212 0 80 311 119 291 99 331 138 "M"
218 146 112 355 119 335 100 375 139 "O"
14 115 150 398 120 378 100 420 141 "N"
212 104 103 440 121 426 102 459 140 "U"
104 87 208 483 123 463 103 504 142 "M"
22 250 118 519 124 508 105 534 143 "E"
136 36 174 557 124 538 106 579 145 "N"
216 211 69 598 121 583 108 619 145 "T"

73 212 104 127 226 98 187 175 266 "C"
37 121 106 223 234 181 188 263 268 "A"
59 177 20 288 231 265 191 314 270 "S"
17 165 106 356 220 317 190 398 271 "T"
140 193 40 417 237 399 193 456 270 "L"
21 241 47 484 231 462 194 519 271 "E"

35 217 231 68 327 40 294 111 363 "C"
233 126 192 154 337 117 297 192 367 "A"
144 85 209 237 333 195 297 277 369 "M"
209 40 56 309 328 288 300 340 370 "P"
154 191 84 371 335 345 301 396 370 "B"
156 48 225 423 335 401 301 455 370 "E"
113 217 254 478 341 460 301 513 370 "L"
155 12 226 536 340 517 301 570 370 "L"

#64 238 80 68 204 47 175 90 234 " "

#253 54 120 69 253 38 235 101 270 " "
