241 73 144 244 163 221 141 271 187 "C"
3 31 166 288 169 268 148 308 187 "a"
153 62 12 324 166 304 148 342 186 "n"
139 187 67 359 167 343 149 377 187 "o"
183 6 28 395 167 376 149 412 186 "n"

9 125 90 155 238 147 228 163 249 "C"
245 150 252 174 238 165 228 183 249 "O"
19 59 69 194 238 185 228 204 248 "M"
50 73 18 212 236 206 228 221 248 "P"
242 20 79 227 239 219 228 236 248 "A"
64 238 80 243 238 235 228 253 249 "C"
253 54 120 260 236 252 228 268 249 "T"

102 64 68 281 236 275 228 290 249 "P"
196 107 208 300 238 291 228 310 249 "O"
34 161 59 321 238 309 228 334 249 "W"
209 205 97 340 238 333 228 347 249 "E"
145 34 246 356 238 349 228 365 249 "R"

97 73 87 380 239 371 228 388 249 "A"
126 214 20 396 238 389 228 407 249 "D"
239 131 102 413 239 404 228 421 249 "A"
217 230 117 428 237 422 228 438 249 "P"
128 233 213 445 236 437 228 453 249 "T"
143 105 255 460 238 454 228 467 249 "E"
135 129 120 476 238 469 228 485 249 "R"

156 157 30 267 267 258 257 276 279 "C"
34 50 207 284 269 276 257 294 279 "A"
74 79 132 297 267 293 265 302 271 "-"
53 126 89 310 266 303 257 319 278 "P"
45 144 211 327 268 319 257 336 279 "S"
201 203 83 342 267 336 258 346 278 "1"
51 30 18 353 267 347 258 361 278 "0"
44 57 232 369 267 362 258 377 278 "0"
