153 45 78 627 394 615 378 647 421 "P"
177 61 231 653 402 650 390 665 421 "r"
40 41 67 679 405 664 389 694 422 "o"
8 173 128 701 396 694 378 709 421 "f"
129 200 155 724 405 710 389 738 422 "e"
106 158 47 753 405 740 388 766 422 "s"
3 111 117 781 404 768 388 794 421 "s"
33 209 76 799 399 797 377 802 420 "i"
50 59 74 819 403 806 387 834 420 "o"
64 97 155 850 401 838 387 863 419 "n"
195 198 132 881 403 867 386 895 420 "a"
213 111 202 899 396 897 375 901 418 "l"

233 246 138 619 456 617 435 621 478 "I"
161 71 158 638 462 625 446 651 479 "s"
49 72 129 666 462 653 446 679 479 "s"
190 161 173 695 464 682 447 708 479 "u"
180 166 101 724 461 711 445 739 478 "e"
154 255 16 754 461 742 445 767 478 "s"

207 205 67 787 456 786 434 789 476 "i"
3 39 28 807 458 795 444 821 476 "n"

157 219 198 633 514 616 491 651 537 "S"
216 166 200 667 519 653 503 682 536 "o"
129 136 11 690 510 682 491 698 535 "f"
107 97 56 707 514 699 494 715 535 "t"
152 2 222 738 517 717 502 760 534 "w"
184 187 236 774 518 760 501 789 534 "a"
226 115 47 795 514 791 501 806 533 "r"
132 216 29 819 516 806 501 834 533 "e"

79 250 28 629 572 619 550 648 593 "E"
1 31 211 663 574 651 560 677 593 "n"
107 80 190 695 581 680 560 708 604 "g"
246 165 8 715 571 713 549 717 591 "i"
25 131 33 735 573 723 559 748 591 "n"
46 44 43 765 574 752 558 779 591 "e"
240 188 220 795 574 782 558 810 591 "e"
61 14 202 817 570 814 558 828 589 "r"
91 244 123 832 568 830 546 834 589 "i"
164 181 141 851 570 840 556 865 589 "n"
175 116 146 883 577 868 556 896 599 "g"

94 213 144 606 640 604 635 608 646 "f"
2 118 128 611 641 610 638 614 646 "r"
252 64 106 618 642 615 638 622 646 "a"
107 23 75 627 641 625 638 631 645 "n"
33 177 54 635 641 633 636 639 645 "k"

184 140 168 649 640 646 635 653 645 "b"
78 217 94 658 641 655 638 662 645 "o"
191 250 175 666 640 665 635 667 645 "t"
116 148 176 670 639 669 635 672 645 "t"

88 16 220 691 641 688 637 694 645 "a"
160 129 91 697 639 697 634 698 644 "l"
203 92 127 700 639 700 634 701 644 "l"
233 54 29 704 639 704 634 705 644 "i"
2 116 73 710 640 708 636 714 645 "s"
172 210 85 719 639 715 636 723 644 "o"
247 11 26 728 639 725 636 732 644 "n"

35 38 169 740 639 737 635 744 644 "c"
163 91 64 749 639 746 635 754 644 "o"
53 185 51 756 638 756 633 757 643 "l"
173 104 136 762 638 759 635 766 643 "e"
213 42 225 773 638 769 635 779 643 "m"
93 50 178 785 639 781 635 788 643 "a"
119 233 220 793 638 790 634 797 642 "n"

181 235 93 812 639 810 631 813 645 "j"
58 197 105 818 637 815 633 822 642 "a"
152 147 108 826 637 824 633 830 642 "c"
235 87 13 835 637 833 631 839 642 "k"

223 154 135 848 637 845 633 852 642 "e"
178 104 4 857 637 854 633 860 641 "a"
188 198 164 863 636 862 632 865 641 "t"
141 95 119 871 636 867 632 875 641 "o"
214 143 195 880 635 877 632 883 640 "n"

4 212 169 902 635 898 629 905 640 "d"
187 174 141 908 635 908 629 909 640 "i"
96 28 115 914 636 911 632 918 640 "a"
207 32 202 923 635 920 632 926 640 "n"
47 214 93 931 635 928 631 935 640 "e"

41 83 69 942 634 941 631 945 639 "r"
89 168 215 950 635 946 631 954 639 "o"
234 13 204 960 634 955 631 966 638 "w"
85 237 38 968 633 968 628 969 638 "l"
132 128 78 974 634 971 630 978 639 "a"
248 43 217 983 633 980 630 986 638 "n"
237 184 55 992 633 988 627 996 638 "d"

#250 78 92 645 954 605 949 685 960 " "
