217 230 117 1410 146 1405 116 1416 176 "I"
143 211 72 1448 153 1430 134 1468 177 "n"
45 144 211 1488 143 1475 118 1503 177 "f"
207 204 244 1528 158 1507 136 1552 181 "o"
34 50 207 1597 161 1559 122 1635 202 "@"
53 126 89 1661 162 1642 140 1680 185 "s"
164 212 159 1708 164 1689 141 1729 187 "e"
212 213 244 1748 161 1740 143 1767 187 "r"
51 30 18 1789 164 1768 144 1812 188 "v"
201 203 83 1826 160 1821 129 1832 189 "i"
44 57 232 1862 173 1845 146 1887 208 "p"
215 2 119 1902 161 1898 132 1907 191 "l"
74 79 132 1939 173 1920 150 1959 194 "u"
240 29 230 1987 173 1969 150 2008 196 "s"
114 114 22 2023 190 2019 186 2029 196 "."
156 157 30 2064 172 2040 139 2082 198 "d"
209 205 97 2110 177 2091 155 2132 201 "e"

212 104 103 974 392 891 302 1056 493 "w"
47 22 217 1146 398 1065 306 1228 497 "w"
14 115 150 1317 402 1236 311 1401 501 "w"
4 106 70 1417 467 1399 432 1436 504 "."
248 21 105 1503 411 1455 312 1550 509 "s"
62 133 177 1614 413 1565 316 1668 513 "e"
218 146 112 1711 403 1689 320 1757 510 "r"
24 31 130 1819 410 1770 326 1871 513 "v"
51 59 7 1903 395 1887 256 1920 515 "i"
21 5 123 1988 441 1947 327 2042 588 "p"
190 141 97 2079 391 2063 262 2096 519 "l"
212 0 80 2166 435 2121 336 2211 525 "u"
95 14 68 2278 433 2233 335 2324 529 "s"
135 129 120 2360 492 2344 458 2377 527 "."
43 247 192 2450 419 2396 275 2491 534 "d"
229 42 29 2557 439 2512 346 2608 536 "e"

244 60 229 341 1255 257 1113 424 1373 "G"
216 211 69 523 1277 447 1187 610 1371 "e"
11 206 40 712 1253 668 1116 762 1370 "l"
96 197 245 917 1269 822 1119 980 1370 "d"

11 169 214 1261 1280 1188 1192 1345 1372 "e"
140 151 135 1444 1276 1401 1122 1494 1372 "i"
21 241 47 1621 1274 1548 1193 1705 1373 "n"
140 193 40 1804 1286 1728 1196 1881 1372 "w"
59 177 20 1976 1281 1905 1196 2056 1372 "e"
17 165 106 2127 1262 2079 1197 2230 1373 "r"
181 194 134 2311 1242 2253 1130 2401 1375 "f"
167 154 168 2494 1284 2425 1200 2573 1374 "e"
233 126 192 2665 1280 2594 1201 2743 1376 "n"

104 87 208 329 1561 258 1434 422 1690 "B"
22 250 118 523 1594 447 1508 609 1688 "e"
173 17 187 699 1571 635 1435 794 1688 "t"
136 36 174 869 1573 820 1506 979 1688 "r"
82 254 121 1080 1591 1037 1436 1129 1686 "i"
67 37 219 1260 1593 1187 1507 1344 1685 "e"
151 61 89 1431 1583 1367 1434 1525 1687 "b"
89 138 39 1620 1601 1546 1505 1703 1685 "s"
208 45 118 1788 1582 1725 1434 1880 1684 "b"
205 201 194 1973 1591 1901 1505 2055 1683 "e"
73 212 104 2125 1569 2077 1505 2229 1681 "r"
37 121 106 2320 1589 2250 1504 2400 1680 "e"
149 154 29 2493 1585 2453 1435 2540 1678 "i"
225 155 193 2653 1565 2593 1435 2740 1677 "t"

#242 190 254 1808 21 1359 0 2196 51 " "
