0
1
2
3
4
5
6
7
8
9
10
11
12
13
14
15
16
17
18
19
20
21
22
23
24
25
26
27
28
29
30
31
32
33
34
35
36
37
12
39
40
41
42
43
47
45
46
47
48
49
50
51
52
53
54
55
56
31
32
33
60
35
62
63
64
0
1
2
3
4
5
6
7
8
9
10
11
38
13
14
15
16
17
19
20
21
22
23
0
25
26
27
28
29
30
31
58
33
34
35
36
37
38
39
40
41
42
43
44
45
46
44
48
49
50
51
52
53
54
55
56
57
58
59
60
61
63
64
0
1
2
3
4
5
6
7
8
9
10
11
38
13
14
15
16
17
45
20
21
22
23
50
25
26
27
28
29
30
31
32
33
34
35
36
37
38
39
40
41
42
43
44
45
46
47
48
49
50
51
52
53
54
55
56
31
58
59
60
61
63
64
0
1
2
3
4
5
6
7
8
9
10
11
12
13
14
15
16
17
19
20
21
22
23
24
25
26
27
28
29
30
31
58
33
34
35
36
37
38
39
40
41
42
43
44
45
46
47
48
49
50
51
52
53
28
55
56
31
32
59
60
61
63
64
0
1
2
3
4
5
6
7
8
9
10
11
12
13
14
15
16
17
18
19
20
21
22
23
24
25
26
27
28
29
30
31
32
33
60
35
36
37
12
39
40
41
42
43
44
45
46
47
48
49
50
51
52
53
54
55
56
57
58
59
60
61
62
63
64
0
1
2
3
4
5
6
7
8
9
10
11
12
13
14
15
16
17
18
19
20
21
22
23
24
25
26
27
28
29
30
31
32
33
34
35
36
37
38
39
40
41
42
43
44
45
46
47
48
49
50
51
52
53
54
55
31
58
33
60
61
62
63
0
1
2
3
4
5
6
7
8
9
10
11
12
13
14
15
16
17
18
19
20
21
22
23
24
25
26
27
28
29
30
31
32
33
34
35
36
37
38
39
40
41
42
43
44
45
46
47
48
49
50
51
52
53
54
55
56
31
58
33
60
61
62
63
64
0
1
2
3
4
5
6
7
8
9
10
11
38
13
14
15
16
17
45
20
21
22
23
25
26
27
54
29
30
57
32
33
34
61
36
37
38
39
40
41
42
43
44
45
46
44
48
49
0
51
53
54
55
56
57
58
59
60
61
62
63
64
1
2
3
4
5
6
7
8
9
10
11
12
13
14
15
16
17
18
19
20
21
22
23
24
25
26
27
28
29
30
31
32
33
34
35
36
37
38
39
40
41
42
43
44
45
46
47
48
49
50
51
52
53
28
55
56
57
32
59
60
61
62
63
0
1
2
3
4
5
6
7
8
9
10
11
38
13
14
15
16
17
45
20
47
22
23
0
25
26
27
54
29
30
57
58
59
34
61
36
37
38
39
40
41
42
43
44
44
46
44
48
49
50
51
52
53
54
55
56
57
58
59
60
61
62
63
64
0
1
2
3
4
5
6
7
8
9
10
11
12
13
14
15
16
17
18
19
20
21
22
23
50
25
26
27
54
29
30
57
32
59
34
35
36
37
38
39
40
41
42
43
45
46
44
48
49
50
51
52
53
54
55
56
57
58
59
60
61
62
63
64
0
1
2
3
4
5
6
7
8
9
10
11
12
13
14
15
16
17
18
19
20
21
22
23
24
25
26
27
28
29
30
31
58
33
34
61
36
37
38
39
40
41
42
43
45
46
47
48
49
50
51
52
53
54
55
56
57
58
59
60
61
62
63
64
0
1
2
3
4
5
6
7
8
9
10
11
12
13
14
15
16
17
18
19
20
21
22
23
24
25
26
27
28
29
30
31
32
33
34
35
36
37
38
39
40
41
42
43
45
46
47
48
49
50
51
52
53
54
55
56
57
58
59
60
61
62
63
64
0
1
2
3
4
5
6
7
8
9
10
11
12
13
14
15
16
17
18
19
20
21
22
23
24
25
26
27
28
29
30
31
32
33
34
35
36
37
38
39
40
41
42
43
44
45
46
47
48
49
50
51
52
53
54
55
56
57
58
59
60
61
63
64
0
1
2
3
4
5
6
7
8
9
10
11
12
13
14
15
16
17
19
20
21
22
23
24
25
0
27
28
29
30
31
58
33
34
35
36
37
12
39
40
41
42
43
44
45
46
47
48
49
24
51
52
53
28
55
56
31
58
59
60
61
63
64
50
1
2
3
4
5
6
7
8
9
10
11
12
13
14
15
16
17
44
19
20
21
22
23
50
51
26
27
54
29
30
57
58
59
34
61
36
37
38
39
40
41
42
43
44
19
46
47
48
49
50
51
52
53
54
55
56
57
58
59
60
61
63
64
0
1
2
3
4
5
6
7
8
9
10
11
38
13
14
15
16
17
19
20
21
22
23
50
25
26
27
54
29
30
31
58
59
34
61
36
37
38
39
40
41
42
43
44
45
46
44
48
49
50
51
52
53
54
55
56
57
58
59
60
61
62
63
64
0
1
2
3
4
5
6
7
8
9
10
11
12
13
14
15
16
17
19
20
21
22
23
24
25
26
27
28
29
30
31
32
33
34
35
36
37
38
39
40
41
42
43
44
45
46
47
48
49
24
51
52
53
28
55
56
57
58
59
60
35
62
63
64
0
1
2
3
4
5
6
7
8
9
10
11
12
13
14
15
16
17
19
20
21
22
23
24
25
26
27
28
29
30
31
32
33
34
35
36
37
38
39
40
41
42
43
44
45
46
47
48
49
24
51
52
53
54
55
56
31
58
33
60
61
62
64
0
1
2
3
4
5
6
7
8
9
10
11
12
13
14
15
16
17
19
20
21
22
23
24
25
26
27
28
29
30
31
32
33
34
35
36
37
12
39
40
41
42
43
47
45
46
47
48
49
50
51
52
53
28
55
56
31
58
59
60
35
62
63
64
0
1
2
3
4
5
6
7
8
9
10
11
12
13
14
15
16
17
18
19
20
21
22
23
24
25
26
27
28
29
30
31
32
33
34
61
36
37
38
39
40
41
42
43
44
45
46
44
48
49
50
51
52
53
54
55
56
57
58
59
60
61
62
63
64
0
45
2
3
4
5
6
7
8
9
10
11
12
13
15
16
17
47
19
20
21
22
23
24
25
26
27
28
29
30
31
32
33
34
35
36
37
38
39
40
41
42
43
44
19
46
47
48
49
50
51
52
53
54
55
56
57
58
59
60
61
62
63
64
0
1
2
3
4
5
6
7
8
9
10
11
12
13
14
15
16
17
47
19
20
21
22
23
24
25
26
27
28
29
30
31
32
33
34
35
36
37
38
39
40
41
42
43
47
45
46
47
48
49
50
51
52
53
28
55
56
31
32
59
60
35
62
63
64
1
2
3
4
5
6
7
8
9
10
11
12
13
14
16
17
19
20
21
22
23
24
25
26
27
28
29
30
31
32
33
34
35
36
37
38
39
40
41
42
43
44
46
47
48
49
50
51
52
53
54
55
30
57
58
59
60
61
62
63
64
0
1
2
3
4
5
6
7
8
9
10
11
38
13
14
15
16
17
18
19
20
21
22
23
50
25
26
27
54
29
30
31
58
59
34
61
36
37
38
39
40
41
42
43
44
45
46
44
48
49
50
51
52
53
54
55
56
57
58
59
60
61
62
63
64
0
1
2
3
4
5
6
7
8
9
10
11
12
13
14
15
16
17
18
19
20
21
22
23
24
25
26
27
28
29
30
31
32
33
34
35
36
37
38
39
40
41
42
43
44
45
46
47
48
49
50
51
52
53
54
55
56
31
58
59
60
61
62
63
64
