0 F 56.9568 3 9.27104 
1 F 39.1462 3 9.27104 
2 n 23.5412 4 0.414035 5 0.414035 
3 I 30.0161 4 1.22408 5 1.22408 
4 R 44.6685 6 9.37277 7 9.37277 8 9.37277 
5 R 51.9471 6 9.37277 7 9.37277 8 9.37277 
6 E 45.3965 9 1.22361 10 1.22361 11 1.22361 12 0.559812 13 0.824497 
7 E 61.0867 9 1.22361 10 1.22361 11 1.22361 12 0.559812 13 0.824497 
8 E 42.2366 9 1.22361 10 1.22361 11 1.22361 12 0.559812 13 0.824497 
9 E 54.3136 13 0.824497 
10 E 43.9155 13 0.824497 
11 E 57.5417 13 0.824497 
12 u 9.79817 14 5.37462 
13 X 37.8838 14 0.33129 
14 I 40.4671 15 1.029 16 1.029 
15 T 61.6568 
16 T 72.0656 
